638.364 338.51 110.436 0 0 1.57 0 0 0
638.288 338.587 110.409 0 0 1.57 0 0 0
636.96 339.931 109.954 0 0 1.57 0 0 0
636.797 340.096 109.898 0 0 1.57 0 0 0
636.446 340.451 109.78 0 0 1.57 0 0 0
636.211 340.691 109.704 0 0 1.57 0 0 0
636.099 340.805 109.667 0 0 1.57 0 0 0
635.54 341.374 109.489 0 0 1.57 0 0 0
634.977 341.948 109.311 0 0 1.57 0 0 0
634.605 342.327 109.194 0 0 1.57 0 0 0
633.175 343.789 108.76 0 0 1.57 0 0 0
632.764 344.211 108.639 0 0 1.57 0 0 0
631.382 345.631 108.245 0 0 1.57 0 0 0
630.922 346.103 108.116 0 0 1.57 0 0 0
630.282 346.764 107.945 0 0 1.57 0 0 0
629.888 347.172 107.844 0 0 1.57 0 0 0
629.381 347.696 107.709 0 0 1.57 0 0 0
629.081 348.006 107.632 0 0 1.57 0 0 0
627.821 349.313 107.323 0 0 1.57 0 0 0
627.239 349.918 107.186 0 0 1.57 0 0 0
626.053 351.155 106.915 0 0 1.57 0 0 0
625.398 351.84 106.772 0 0 1.57 0 0 0
624.295 352.996 106.543 0 0 1.57 0 0 0
623.587 353.739 106.4 0 0 1.57 0 0 0
623.587 353.739 106.4 0 0 1.57 0 0 0
623.557 353.771 106.394 0 0 1.57 0 0 0
622.559 354.804 106.21 0 0 1.57 0 0 0
622.238 355.136 106.152 0 0 1.57 0 0 0
622.02 355.363 106.112 0 0 1.57 0 0 0
621.687 355.709 106.056 0 0 1.57 0 0 0
621.306 356.105 105.989 0 0 1.57 0 0 0
621.073 356.347 105.952 0 0 1.57 0 0 0
620.701 356.735 105.891 0 0 1.57 0 0 0
619.874 357.598 105.76 0 0 1.57 0 0 0
618.992 358.521 105.632 0 0 1.57 0 0 0
618.032 359.527 105.498 0 0 1.57 0 0 0
617.238 360.362 105.396 0 0 1.57 0 0 0
616.191 361.466 105.272 0 0 1.57 0 0 0
615.493 362.203 105.195 0 0 1.57 0 0 0
614.349 363.414 105.08 0 0 1.57 0 0 0
613.756 364.045 105.027 0 0 1.57 0 0 0
612.508 365.373 104.924 0 0 1.57 0 0 0
612.027 365.886 104.89 0 0 1.57 0 0 0
610.667 367.343 104.807 0 0 1.57 0 0 0
610.308 367.728 104.788 0 0 1.57 0 0 0
608.973 369.164 104.731 0 0 1.57 0 0 0
608.973 369.164 104.731 0 0 1.57 0 0 0
608.825 369.295 104.729 0 0 1.57 0 0 0
608.516 369.569 104.728 0 0 1.57 0 0 0
606.984 370.933 104.733 0 0 1.57 0 0 0
606.449 371.411 104.74 0 0 1.57 0 0 0
605.142 372.581 104.769 0 0 1.57 0 0 0
604.394 373.252 104.792 0 0 1.57 0 0 0
603.301 374.236 104.835 0 0 1.57 0 0 0
602.35 375.093 104.882 0 0 1.57 0 0 0
601.459 375.899 104.933 0 0 1.57 0 0 0
600.317 376.935 105.009 0 0 1.57 0 0 0
599.618 377.57 105.062 0 0 1.57 0 0 0
598.295 378.776 105.174 0 0 1.57 0 0 0
597.777 379.249 105.222 0 0 1.57 0 0 0
596.283 380.618 105.377 0 0 1.57 0 0 0
596.083 380.801 105.4 0 0 1.57 0 0 0
596.083 380.801 105.4 0 0 1.57 0 0 0
595.935 380.965 105.414 0 0 1.57 0 0 0
594.584 382.459 105.557 0 0 1.57 0 0 0
594.094 383.003 105.615 0 0 1.57 0 0 0
592.862 384.373 105.769 0 0 1.57 0 0 0
592.201 385.11 105.86 0 0 1.57 0 0 0
591.278 386.142 105.995 0 0 1.57 0 0 0
591.163 386.271 106.013 0 0 1.57 0 0 0
590.564 386.943 106.109 0 0 1.57 0 0 0
590.103 387.461 106.183 0 0 1.57 0 0 0
589.638 387.983 106.261 0 0 1.57 0 0 0
588.569 389.189 106.456 0 0 1.57 0 0 0
588.006 389.825 106.562 0 0 1.57 0 0 0
586.728 391.273 106.817 0 0 1.57 0 0 0
586.382 391.666 106.889 0 0 1.57 0 0 0
584.887 393.37 107.22 0 0 1.57 0 0 0
584.767 393.508 107.248 0 0 1.57 0 0 0
583.755 394.668 107.499 0 0 1.57 0 0 0
583.161 395.349 107.646 0 0 1.57 0 0 0
583.091 395.43 107.664 0 0 1.57 0 0 0
582.532 396.073 107.808 0 0 1.57 0 0 0
582.17 396.489 107.902 0 0 1.57 0 0 0
581.88 396.822 107.978 0 0 1.57 0 0 0
581.88 396.822 107.978 0 0 1.57 0 0 0
581.495 397.19 108.079 0 0 1.57 0 0 0
581.204 397.47 108.159 0 0 1.57 0 0 0
579.581 399.032 108.624 0 0 1.57 0 0 0
579.362 399.243 108.689 0 0 1.57 0 0 0
577.674 400.873 109.196 0 0 1.57 0 0 0
577.521 401.021 109.243 0 0 1.57 0 0 0
577.262 401.273 109.328 0 0 1.57 0 0 0
576.29 402.216 109.64 0 0 1.57 0 0 0
576.13 402.372 109.694 0 0 1.57 0 0 0
575.777 402.715 109.812 0 0 1.57 0 0 0
575.538 402.947 109.893 0 0 1.57 0 0 0
575.43 403.053 109.929 0 0 1.57 0 0 0
573.887 404.556 110.453 0 0 1.57 0 0 0
573.838 404.604 110.47 0 0 1.57 0 0 0
572.006 406.398 111.133 0 0 1.57 0 0 0
571.996 406.407 111.137 0 0 1.57 0 0 0
571.973 406.43 111.145 0 0 1.57 0 0 0
570.941 407.443 111.531 0 0 1.57 0 0 0
570.813 407.569 111.58 0 0 1.57 0 0 0
570.241 408.133 111.804 0 0 1.57 0 0 0
570.049 408.322 111.88 0 0 1.57 0 0 0
568.314 410.036 112.577 0 0 1.57 0 0 0
568.269 410.08 112.595 0 0 1.57 0 0 0
566.976 411.361 113.132 0 0 1.57 0 0 0
566.976 411.361 113.132 0 0 1.57 0 0 0
567.16 411.515 113.084 0 0 1.57 0 0 0
567.647 411.922 112.956 0 0 1.57 0 0 0
568.075 412.279 112.846 0 0 1.57 0 0 0
568.314 412.478 112.784 0 0 1.57 0 0 0
569.015 413.062 112.608 0 0 1.57 0 0 0
569.858 413.763 112.396 0 0 1.57 0 0 0
570.02 413.899 112.354 0 0 1.57 0 0 0
570.155 414.01 112.325 0 0 1.57 0 0 0
570.964 414.678 112.138 0 0 1.57 0 0 0
572.01 415.542 111.894 0 0 1.57 0 0 0
572.079 415.6 111.877 0 0 1.57 0 0 0
572.136 415.646 111.866 0 0 1.57 0 0 0
572.922 416.294 111.69 0 0 1.57 0 0 0
573.144 416.476 111.643 0 0 1.57 0 0 0
574.059 417.224 111.454 0 0 1.57 0 0 0
574.234 417.367 111.418 0 0 1.57 0 0 0
574.284 417.408 111.408 0 0 1.57 0 0 0
574.331 417.446 111.398 0 0 1.57 0 0 0
575.151 418.115 111.235 0 0 1.57 0 0 0
575.598 418.479 111.148 0 0 1.57 0 0 0
576.077 418.867 111.058 0 0 1.57 0 0 0
576.66 419.341 110.947 0 0 1.57 0 0 0
577.145 419.734 110.86 0 0 1.57 0 0 0
577.521 420.038 110.791 0 0 1.57 0 0 0
578.125 420.525 110.686 0 0 1.57 0 0 0
578.873 421.129 110.556 0 0 1.57 0 0 0
579.144 421.346 110.511 0 0 1.57 0 0 0
579.362 421.522 110.475 0 0 1.57 0 0 0
580.198 422.191 110.344 0 0 1.57 0 0 0
581.171 422.97 110.191 0 0 1.57 0 0 0
581.189 422.985 110.188 0 0 1.57 0 0 0
581.204 422.996 110.186 0 0 1.57 0 0 0
582.031 423.655 110.067 0 0 1.57 0 0 0
582.199 423.788 110.044 0 0 1.57 0 0 0
582.199 423.788 110.044 0 0 1.57 0 0 0
582.656 423.376 109.861 0 0 1.57 0 0 0
582.807 423.239 109.801 0 0 1.57 0 0 0
583.105 422.97 109.682 0 0 1.57 0 0 0
583.271 422.82 109.617 0 0 1.57 0 0 0
583.37 422.731 109.579 0 0 1.57 0 0 0
584.259 421.93 109.236 0 0 1.57 0 0 0
584.887 421.363 108.995 0 0 1.57 0 0 0
585.146 421.129 108.897 0 0 1.57 0 0 0
586.728 419.705 108.316 0 0 1.57 0 0 0
587.191 419.288 108.148 0 0 1.57 0 0 0
587.806 418.734 107.927 0 0 1.57 0 0 0
588 418.559 107.86 0 0 1.57 0 0 0
588.542 418.073 107.681 0 0 1.57 0 0 0
589.139 417.537 107.481 0 0 1.57 0 0 0
590.411 416.395 107.058 0 0 1.57 0 0 0
591.291 415.605 106.772 0 0 1.57 0 0 0
592.252 414.743 106.474 0 0 1.57 0 0 0
593.346 413.763 106.144 0 0 1.57 0 0 0
593.463 413.658 106.108 0 0 1.57 0 0 0
593.873 413.292 105.986 0 0 1.57 0 0 0
594.203 412.996 105.891 0 0 1.57 0 0 0
595.368 411.955 105.558 0 0 1.57 0 0 0
595.935 411.448 105.403 0 0 1.57 0 0 0
597.262 410.264 105.055 0 0 1.57 0 0 0
597.262 410.264 105.055 0 0 1.57 0 0 0
597.435 410.08 105.007 0 0 1.57 0 0 0
597.777 409.718 104.914 0 0 1.57 0 0 0
599.173 408.239 104.547 0 0 1.57 0 0 0
599.644 407.741 104.43 0 0 1.57 0 0 0
600.393 406.949 104.249 0 0 1.57 0 0 0
600.555 406.778 104.21 0 0 1.57 0 0 0
601.03 406.277 104.099 0 0 1.57 0 0 0
601.36 405.928 104.027 0 0 1.57 0 0 0
602.662 404.556 103.745 0 0 1.57 0 0 0
603.301 403.884 103.615 0 0 1.57 0 0 0
604.413 402.715 103.396 0 0 1.57 0 0 0
605.142 401.949 103.263 0 0 1.57 0 0 0
606.167 400.873 103.085 0 0 1.57 0 0 0
606.984 400.018 102.951 0 0 1.57 0 0 0
607.926 399.032 102.807 0 0 1.57 0 0 0
608.825 398.092 102.68 0 0 1.57 0 0 0
609.688 397.19 102.565 0 0 1.57 0 0 0
609.994 396.872 102.528 0 0 1.57 0 0 0
609.994 396.872 102.528 0 0 1.57 0 0 0
610.561 396.279 102.459 0 0 1.57 0 0 0
610.867 395.96 102.425 0 0 1.57 0 0 0
611.452 395.349 102.358 0 0 1.57 0 0 0
611.474 395.326 102.356 0 0 1.57 0 0 0
611.483 395.317 102.354 0 0 1.57 0 0 0
611.506 395.293 102.352 0 0 1.57 0 0 0
612.42 394.341 102.263 0 0 1.57 0 0 0
613.294 393.431 102.185 0 0 1.57 0 0 0
614.349 392.334 102.102 0 0 1.57 0 0 0
614.992 391.666 102.057 0 0 1.57 0 0 0
616.191 390.423 101.988 0 0 1.57 0 0 0
616.768 389.825 101.961 0 0 1.57 0 0 0
618.032 388.516 101.912 0 0 1.57 0 0 0
618.548 387.983 101.898 0 0 1.57 0 0 0
619.874 386.615 101.877 0 0 1.57 0 0 0
620.332 386.142 101.873 0 0 1.57 0 0 0
621.715 384.717 101.879 0 0 1.57 0 0 0
622.12 384.301 101.885 0 0 1.57 0 0 0
623.557 382.825 101.919 0 0 1.57 0 0 0
623.913 382.459 101.931 0 0 1.57 0 0 0
624.883 381.464 101.976 0 0 1.57 0 0 0
624.883 381.464 101.976 0 0 1.57 0 0 0
625.398 380.989 101.995 0 0 1.57 0 0 0
625.8 380.618 102.013 0 0 1.57 0 0 0
627.239 379.291 102.094 0 0 1.57 0 0 0
627.799 378.776 102.132 0 0 1.57 0 0 0
629.081 377.597 102.227 0 0 1.57 0 0 0
629.687 377.041 102.279 0 0 1.57 0 0 0
630.13 376.635 102.32 0 0 1.57 0 0 0
630.715 376.097 102.375 0 0 1.57 0 0 0
630.922 375.908 102.396 0 0 1.57 0 0 0
631.811 375.093 102.491 0 0 1.57 0 0 0
632.764 374.222 102.6 0 0 1.57 0 0 0
633.826 373.252 102.733 0 0 1.57 0 0 0
634.605 372.54 102.837 0 0 1.57 0 0 0
635.844 371.411 103.016 0 0 1.57 0 0 0
636.446 370.862 103.109 0 0 1.57 0 0 0
637.869 369.569 103.34 0 0 1.57 0 0 0
638.288 369.188 103.412 0 0 1.57 0 0 0
639.614 367.985 103.656 0 0 1.57 0 0 0
639.614 367.985 103.656 0 0 1.57 0 0 0
639.858 367.728 103.707 0 0 1.57 0 0 0
640.154 367.415 103.77 0 0 1.57 0 0 0
641.511 365.983 104.076 0 0 1.57 0 0 0
641.704 365.779 104.12 0 0 1.57 0 0 0
641.971 365.497 104.184 0 0 1.57 0 0 0
642.162 365.296 104.231 0 0 1.57 0 0 0
642.239 365.215 104.249 0 0 1.57 0 0 0
642.719 364.709 104.368 0 0 1.57 0 0 0
643.35 364.045 104.524 0 0 1.57 0 0 0
643.812 363.558 104.643 0 0 1.57 0 0 0
645.101 362.203 104.99 0 0 1.57 0 0 0
645.654 361.623 105.142 0 0 1.57 0 0 0
646.856 360.362 105.489 0 0 1.57 0 0 0
647.455 359.734 105.668 0 0 1.57 0 0 0
648.368 358.778 105.946 0 0 1.57 0 0 0
648.654 358.478 106.032 0 0 1.57 0 0 0
649.029 358.086 106.149 0 0 1.57 0 0 0
649.336 357.764 106.249 0 0 1.57 0 0 0
650.375 356.679 106.593 0 0 1.57 0 0 0
651.178 355.841 106.863 0 0 1.57 0 0 0
652.139 354.838 107.197 0 0 1.57 0 0 0
652.427 354.538 107.3 0 0 1.57 0 0 0
652.427 354.538 107.3 0 0 1.57 0 0 0
652.735 354.838 107.268 0 0 1.57 0 0 0
652.879 354.978 107.255 0 0 1.57 0 0 0
653.019 355.115 107.241 0 0 1.57 0 0 0
653.81 355.888 107.17 0 0 1.57 0 0 0
654.619 356.679 107.098 0 0 1.57 0 0 0
654.741 356.799 107.088 0 0 1.57 0 0 0
654.861 356.917 107.079 0 0 1.57 0 0 0
655.669 357.713 107.022 0 0 1.57 0 0 0
656.489 358.521 106.964 0 0 1.57 0 0 0
656.596 358.626 106.958 0 0 1.57 0 0 0
656.702 358.731 106.951 0 0 1.57 0 0 0
657.522 359.542 106.906 0 0 1.57 0 0 0
658.348 360.362 106.864 0 0 1.57 0 0 0
658.447 360.46 106.86 0 0 1.57 0 0 0
658.544 360.556 106.855 0 0 1.57 0 0 0
659.369 361.378 106.825 0 0 1.57 0 0 0
660.197 362.203 106.796 0 0 1.57 0 0 0
660.291 362.298 106.793 0 0 1.57 0 0 0
660.385 362.392 106.791 0 0 1.57 0 0 0
661.21 363.22 106.777 0 0 1.57 0 0 0
662.033 364.045 106.763 0 0 1.57 0 0 0
662.13 364.143 106.762 0 0 1.57 0 0 0
662.226 364.24 106.761 0 0 1.57 0 0 0
663.046 365.067 106.759 0 0 1.57 0 0 0
663.858 365.886 106.762 0 0 1.57 0 0 0
663.961 365.992 106.763 0 0 1.57 0 0 0
664.068 366.099 106.764 0 0 1.57 0 0 0
664.876 366.92 106.777 0 0 1.57 0 0 0
665.672 367.728 106.791 0 0 1.57 0 0 0
665.788 367.846 106.795 0 0 1.57 0 0 0
665.909 367.97 106.798 0 0 1.57 0 0 0
666.573 368.648 106.823 0 0 1.57 0 0 0
666.573 368.648 106.823 0 0 1.57 0 0 0
665.909 369.256 106.599 0 0 1.57 0 0 0
665.569 369.568 106.488 0 0 1.57 0 0 0
664.47 370.575 106.14 0 0 1.57 0 0 0
664.292 370.738 106.083 0 0 1.57 0 0 0
663.861 371.133 105.948 0 0 1.57 0 0 0
663.486 371.477 105.833 0 0 1.57 0 0 0
662.226 372.63 105.458 0 0 1.57 0 0 0
661.547 373.252 105.262 0 0 1.57 0 0 0
660.385 374.316 104.936 0 0 1.57 0 0 0
659.536 375.093 104.707 0 0 1.57 0 0 0
658.521 376.022 104.443 0 0 1.57 0 0 0
657.905 376.585 104.284 0 0 1.57 0 0 0
657.61 376.856 104.208 0 0 1.57 0 0 0
657.243 377.191 104.12 0 0 1.57 0 0 0
656.735 377.655 104.002 0 0 1.57 0 0 0
655.509 378.776 103.72 0 0 1.57 0 0 0
654.861 379.369 103.576 0 0 1.57 0 0 0
653.494 380.618 103.287 0 0 1.57 0 0 0
653.019 381.051 103.192 0 0 1.57 0 0 0
651.841 382.127 102.965 0 0 1.57 0 0 0
651.841 382.127 102.965 0 0 1.57 0 0 0
651.525 382.459 102.901 0 0 1.57 0 0 0
651.178 382.823 102.834 0 0 1.57 0 0 0
649.769 384.301 102.58 0 0 1.57 0 0 0
649.336 384.754 102.504 0 0 1.57 0 0 0
648.673 385.449 102.384 0 0 1.57 0 0 0
648.505 385.626 102.358 0 0 1.57 0 0 0
648.02 386.133 102.29 0 0 1.57 0 0 0
647.622 386.55 102.233 0 0 1.57 0 0 0
646.252 387.983 102.042 0 0 1.57 0 0 0
645.654 388.609 101.965 0 0 1.57 0 0 0
644.491 389.825 101.829 0 0 1.57 0 0 0
643.812 390.534 101.756 0 0 1.57 0 0 0
642.728 391.666 101.651 0 0 1.57 0 0 0
641.971 392.457 101.587 0 0 1.57 0 0 0
640.964 393.508 101.51 0 0 1.57 0 0 0
640.129 394.378 101.456 0 0 1.57 0 0 0
639.198 395.349 101.407 0 0 1.57 0 0 0
638.952 395.606 101.396 0 0 1.57 0 0 0
638.952 395.606 101.396 0 0 1.57 0 0 0
638.288 396.299 101.366 0 0 1.57 0 0 0
637.433 397.19 101.338 0 0 1.57 0 0 0
636.446 398.219 101.317 0 0 1.57 0 0 0
635.667 399.032 101.307 0 0 1.57 0 0 0
634.605 400.138 101.305 0 0 1.57 0 0 0
633.898 400.873 101.313 0 0 1.57 0 0 0
632.764 402.054 101.334 0 0 1.57 0 0 0
632.129 402.715 101.353 0 0 1.57 0 0 0
630.922 403.97 101.404 0 0 1.57 0 0 0
630.358 404.556 101.433 0 0 1.57 0 0 0
629.081 405.883 101.512 0 0 1.57 0 0 0
628.586 406.398 101.548 0 0 1.57 0 0 0
627.239 407.795 101.659 0 0 1.57 0 0 0
626.812 408.239 101.699 0 0 1.57 0 0 0
625.398 409.706 101.848 0 0 1.57 0 0 0
625.037 410.08 101.889 0 0 1.57 0 0 0
624.22 410.927 101.991 0 0 1.57 0 0 0
624.22 410.927 101.991 0 0 1.57 0 0 0
623.557 411.537 102.068 0 0 1.57 0 0 0
623.137 411.922 102.121 0 0 1.57 0 0 0
621.715 413.227 102.308 0 0 1.57 0 0 0
621.614 413.32 102.321 0 0 1.57 0 0 0
621.183 413.715 102.383 0 0 1.57 0 0 0
620.872 414 102.434 0 0 1.57 0 0 0
619.88 414.909 102.591 0 0 1.57 0 0 0
619.121 415.605 102.717 0 0 1.57 0 0 0
618.032 416.602 102.907 0 0 1.57 0 0 0
617.11 417.446 103.078 0 0 1.57 0 0 0
616.191 418.287 103.256 0 0 1.57 0 0 0
615.096 419.288 103.48 0 0 1.57 0 0 0
614.349 419.97 103.64 0 0 1.57 0 0 0
612.941 421.257 103.957 0 0 1.57 0 0 0
612.478 421.68 104.063 0 0 1.57 0 0 0
611.937 422.174 104.189 0 0 1.57 0 0 0
611.783 422.314 104.227 0 0 1.57 0 0 0
611.044 422.988 104.421 0 0 1.57 0 0 0
610.667 423.332 104.518 0 0 1.57 0 0 0
609.489 424.406 104.824 0 0 1.57 0 0 0
609.489 424.406 104.824 0 0 1.57 0 0 0
609.12 424.812 104.93 0 0 1.57 0 0 0
608.825 425.136 105.019 0 0 1.57 0 0 0
607.446 426.653 105.454 0 0 1.57 0 0 0
606.964 427.183 105.611 0 0 1.57 0 0 0
605.997 428.245 105.929 0 0 1.57 0 0 0
605.765 428.501 106.005 0 0 1.57 0 0 0
605.449 428.848 106.112 0 0 1.57 0 0 0
605.045 429.292 106.254 0 0 1.57 0 0 0
604.095 430.336 106.593 0 0 1.57 0 0 0
603.301 431.208 106.884 0 0 1.57 0 0 0
602.418 432.178 107.211 0 0 1.57 0 0 0
601.483 433.205 107.566 0 0 1.57 0 0 0
600.964 433.775 107.766 0 0 1.57 0 0 0
600.621 434.151 107.903 0 0 1.57 0 0 0
600.396 434.398 107.994 0 0 1.57 0 0 0
599.606 435.265 108.315 0 0 1.57 0 0 0
599.064 435.86 108.537 0 0 1.57 0 0 0
597.777 437.273 109.082 0 0 1.57 0 0 0
597.379 437.709 109.252 0 0 1.57 0 0 0
596.451 438.728 109.653 0 0 1.57 0 0 0
596.37 438.817 109.688 0 0 1.57 0 0 0
596.039 439.18 109.837 0 0 1.57 0 0 0
596.039 439.18 109.837 0 0 1.57 0 0 0
596.146 439.287 109.841 0 0 1.57 0 0 0
596.728 439.867 109.865 0 0 1.57 0 0 0
597.127 440.264 109.882 0 0 1.57 0 0 0
597.577 440.711 109.905 0 0 1.57 0 0 0
597.999 441.13 109.926 0 0 1.57 0 0 0
598.322 441.448 109.948 0 0 1.57 0 0 0
599.138 442.254 110 0 0 1.57 0 0 0
599.618 442.727 110.032 0 0 1.57 0 0 0
599.872 442.977 110.049 0 0 1.57 0 0 0
600.136 443.236 110.07 0 0 1.57 0 0 0
600.761 443.849 110.119 0 0 1.57 0 0 0
601.413 444.487 110.173 0 0 1.57 0 0 0
601.747 444.814 110.202 0 0 1.57 0 0 0
601.977 445.038 110.223 0 0 1.57 0 0 0
602.648 445.691 110.288 0 0 1.57 0 0 0
603.319 446.344 110.352 0 0 1.57 0 0 0
603.638 446.653 110.385 0 0 1.57 0 0 0
603.902 446.909 110.413 0 0 1.57 0 0 0
604.533 447.518 110.486 0 0 1.57 0 0 0
605.142 448.106 110.555 0 0 1.57 0 0 0
605.462 448.414 110.594 0 0 1.57 0 0 0
605.811 448.75 110.636 0 0 1.57 0 0 0
606.417 449.332 110.714 0 0 1.57 0 0 0
606.984 449.874 110.788 0 0 1.57 0 0 0
607.351 450.225 110.84 0 0 1.57 0 0 0
607.735 450.592 110.893 0 0 1.57 0 0 0
608.229 451.063 110.965 0 0 1.57 0 0 0
608.813 451.618 111.05 0 0 1.57 0 0 0
609.273 452.055 111.12 0 0 1.57 0 0 0
609.734 452.491 111.192 0 0 1.57 0 0 0
610.139 452.875 111.257 0 0 1.57 0 0 0
610.604 453.314 111.333 0 0 1.57 0 0 0
610.604 453.314 111.333 0 0 1.57 0 0 0
610.667 453.245 111.305 0 0 1.57 0 0 0
611.404 452.433 110.98 0 0 1.57 0 0 0
612.508 451.216 110.498 0 0 1.57 0 0 0
613.074 450.592 110.257 0 0 1.57 0 0 0
613.814 449.774 109.948 0 0 1.57 0 0 0
614.15 449.403 109.807 0 0 1.57 0 0 0
614.206 449.341 109.784 0 0 1.57 0 0 0
614.349 449.183 109.725 0 0 1.57 0 0 0
614.66 448.839 109.598 0 0 1.57 0 0 0
614.849 448.629 109.522 0 0 1.57 0 0 0
616.179 447.155 108.995 0 0 1.57 0 0 0
616.401 446.909 108.909 0 0 1.57 0 0 0
618.032 445.095 108.296 0 0 1.57 0 0 0
618.059 445.065 108.286 0 0 1.57 0 0 0
618.119 444.998 108.263 0 0 1.57 0 0 0
619.017 443.999 107.929 0 0 1.57 0 0 0
619.124 443.88 107.89 0 0 1.57 0 0 0
619.651 443.292 107.708 0 0 1.57 0 0 0
619.9 443.013 107.622 0 0 1.57 0 0 0
621.355 441.385 107.134 0 0 1.57 0 0 0
621.715 440.982 107.015 0 0 1.57 0 0 0
622.998 439.543 106.601 0 0 1.57 0 0 0
623.557 438.916 106.43 0 0 1.57 0 0 0
623.761 438.686 106.369 0 0 1.57 0 0 0
623.761 438.686 106.369 0 0 1.57 0 0 0
624.49 438.008 106.186 0 0 1.57 0 0 0
624.788 437.73 106.113 0 0 1.57 0 0 0
625.39 437.17 105.96 0 0 1.57 0 0 0
625.398 437.163 105.958 0 0 1.57 0 0 0
626.795 435.86 105.627 0 0 1.57 0 0 0
627.239 435.445 105.525 0 0 1.57 0 0 0
628.761 434.019 105.197 0 0 1.57 0 0 0
629.081 433.719 105.13 0 0 1.57 0 0 0
630.72 432.178 104.809 0 0 1.57 0 0 0
630.922 431.987 104.771 0 0 1.57 0 0 0
632.672 430.336 104.457 0 0 1.57 0 0 0
632.764 430.249 104.441 0 0 1.57 0 0 0
633.921 429.153 104.255 0 0 1.57 0 0 0
634.164 428.923 104.218 0 0 1.57 0 0 0
634.605 428.504 104.148 0 0 1.57 0 0 0
634.821 428.299 104.116 0 0 1.57 0 0 0
634.942 428.184 104.098 0 0 1.57 0 0 0
636.446 426.752 103.891 0 0 1.57 0 0 0
636.55 426.653 103.878 0 0 1.57 0 0 0
638.288 424.993 103.666 0 0 1.57 0 0 0
638.478 424.812 103.645 0 0 1.57 0 0 0
640.128 423.229 103.477 0 0 1.57 0 0 0
640.128 423.229 103.477 0 0 1.57 0 0 0
640.129 423.227 103.477 0 0 1.57 0 0 0
640.376 422.97 103.451 0 0 1.57 0 0 0
641.971 421.307 103.301 0 0 1.57 0 0 0
642.142 421.129 103.287 0 0 1.57 0 0 0
643.812 419.38 103.161 0 0 1.57 0 0 0
643.9 419.288 103.156 0 0 1.57 0 0 0
645.613 417.486 103.064 0 0 1.57 0 0 0
645.652 417.446 103.062 0 0 1.57 0 0 0
645.654 417.444 103.061 0 0 1.57 0 0 0
647.397 415.605 103.002 0 0 1.57 0 0 0
647.495 415.501 102.999 0 0 1.57 0 0 0
649.135 413.763 102.974 0 0 1.57 0 0 0
649.336 413.55 102.974 0 0 1.57 0 0 0
650.867 411.922 102.984 0 0 1.57 0 0 0
651.178 411.591 102.989 0 0 1.57 0 0 0
651.178 411.59 102.989 0 0 1.57 0 0 0
651.178 411.59 102.989 0 0 1.57 0 0 0
652.651 410.08 103.033 0 0 1.57 0 0 0
653.019 409.702 103.048 0 0 1.57 0 0 0
654.441 408.239 103.118 0 0 1.57 0 0 0
654.861 407.806 103.143 0 0 1.57 0 0 0
656.223 406.398 103.24 0 0 1.57 0 0 0
656.702 405.902 103.278 0 0 1.57 0 0 0
657.999 404.556 103.395 0 0 1.57 0 0 0
658.544 403.99 103.45 0 0 1.57 0 0 0
659.769 402.715 103.584 0 0 1.57 0 0 0
660.385 402.072 103.659 0 0 1.57 0 0 0
661.531 400.873 103.81 0 0 1.57 0 0 0
662.226 400.145 103.908 0 0 1.57 0 0 0
663.288 399.032 104.066 0 0 1.57 0 0 0
663.623 398.68 104.121 0 0 1.57 0 0 0
664.123 398.153 104.207 0 0 1.57 0 0 0
664.58 397.673 104.281 0 0 1.57 0 0 0
665.038 397.19 104.359 0 0 1.57 0 0 0
665.909 396.27 104.522 0 0 1.57 0 0 0
665.91 396.269 104.522 0 0 1.57 0 0 0
665.91 396.269 104.522 0 0 1.57 0 0 0
666.807 395.349 104.696 0 0 1.57 0 0 0
667.751 394.38 104.888 0 0 1.57 0 0 0
668.598 393.508 105.069 0 0 1.57 0 0 0
669.592 392.482 105.293 0 0 1.57 0 0 0
670.383 391.666 105.477 0 0 1.57 0 0 0
671.434 390.578 105.734 0 0 1.57 0 0 0
672.16 389.825 105.919 0 0 1.57 0 0 0
672.518 389.453 106.012 0 0 1.57 0 0 0
672.885 389.072 106.109 0 0 1.57 0 0 0
673.271 388.671 106.215 0 0 1.57 0 0 0
673.965 387.949 106.407 0 0 1.57 0 0 0
675.116 386.748 106.738 0 0 1.57 0 0 0
675.697 386.142 106.909 0 0 1.57 0 0 0
676.958 384.822 107.297 0 0 1.57 0 0 0
677.455 384.301 107.455 0 0 1.57 0 0 0
678.392 383.317 107.76 0 0 1.57 0 0 0
678.648 383.048 107.844 0 0 1.57 0 0 0
679.193 382.476 108.024 0 0 1.57 0 0 0
679.209 382.459 108.03 0 0 1.57 0 0 0
680.641 380.949 108.533 0 0 1.57 0 0 0
680.641 380.949 108.533 0 0 1.57 0 0 0
680.641 380.949 108.533 0 0 1.57 0 0 0
681.363 381.737 108.661 0 0 1.57 0 0 0
682.024 382.459 108.777 0 0 1.57 0 0 0
682.243 382.698 108.817 0 0 1.57 0 0 0
682.482 382.96 108.861 0 0 1.57 0 0 0
683.123 383.663 108.984 0 0 1.57 0 0 0
683.702 384.301 109.098 0 0 1.57 0 0 0
683.998 384.626 109.16 0 0 1.57 0 0 0
684.323 384.986 109.227 0 0 1.57 0 0 0
684.777 385.486 109.323 0 0 1.57 0 0 0
685.369 386.142 109.45 0 0 1.57 0 0 0
685.595 386.392 109.5 0 0 1.57 0 0 0
685.842 386.667 109.557 0 0 1.57 0 0 0
686.604 387.514 109.736 0 0 1.57 0 0 0
686.864 387.804 109.797 0 0 1.57 0 0 0
686.939 387.887 109.815 0 0 1.57 0 0 0
687.025 387.983 109.835 0 0 1.57 0 0 0
687.577 388.599 109.968 0 0 1.57 0 0 0
687.917 388.979 110.053 0 0 1.57 0 0 0
688.342 389.454 110.159 0 0 1.57 0 0 0
688.736 389.896 110.262 0 0 1.57 0 0 0
689.233 390.455 110.396 0 0 1.57 0 0 0
689.848 391.147 110.561 0 0 1.57 0 0 0
690.092 391.422 110.628 0 0 1.57 0 0 0
690.309 391.666 110.688 0 0 1.57 0 0 0
690.957 392.399 110.872 0 0 1.57 0 0 0
691.689 393.229 111.086 0 0 1.57 0 0 0
691.792 393.346 111.117 0 0 1.57 0 0 0
691.935 393.508 111.16 0 0 1.57 0 0 0
692.491 394.141 111.332 0 0 1.57 0 0 0
692.937 394.648 111.466 0 0 1.57 0 0 0
693.552 395.349 111.658 0 0 1.57 0 0 0
693.873 395.717 111.764 0 0 1.57 0 0 0
694.493 396.429 111.971 0 0 1.57 0 0 0
694.881 396.873 112.1 0 0 1.57 0 0 0
694.881 396.873 112.1 0 0 1.57 0 0 0
694.582 397.19 112 0 0 1.57 0 0 0
693.856 397.958 111.767 0 0 1.57 0 0 0
693.5 398.335 111.654 0 0 1.57 0 0 0
692.914 398.951 111.475 0 0 1.57 0 0 0
692.838 399.032 111.451 0 0 1.57 0 0 0
691.689 400.239 111.106 0 0 1.57 0 0 0
691.084 400.873 110.93 0 0 1.57 0 0 0
689.848 402.164 110.586 0 0 1.57 0 0 0
689.349 402.683 110.45 0 0 1.57 0 0 0
687.967 404.117 110.093 0 0 1.57 0 0 0
687.542 404.556 109.988 0 0 1.57 0 0 0
686.813 405.309 109.811 0 0 1.57 0 0 0
686.43 405.703 109.718 0 0 1.57 0 0 0
685.799 406.353 109.571 0 0 1.57 0 0 0
685.756 406.398 109.561 0 0 1.57 0 0 0
684.323 407.864 109.248 0 0 1.57 0 0 0
683.957 408.239 109.17 0 0 1.57 0 0 0
682.482 409.74 108.875 0 0 1.57 0 0 0
682.147 410.08 108.811 0 0 1.57 0 0 0
681.82 410.411 108.751 0 0 1.57 0 0 0
681.82 410.411 108.751 0 0 1.57 0 0 0
680.641 411.515 108.528 0 0 1.57 0 0 0
680.184 411.941 108.446 0 0 1.57 0 0 0
678.775 413.251 108.208 0 0 1.57 0 0 0
678.222 413.763 108.118 0 0 1.57 0 0 0
677.437 414.49 107.997 0 0 1.57 0 0 0
676.995 414.898 107.931 0 0 1.57 0 0 0
676.286 415.55 107.83 0 0 1.57 0 0 0
676.227 415.605 107.822 0 0 1.57 0 0 0
675.126 416.616 107.673 0 0 1.57 0 0 0
674.32 417.354 107.572 0 0 1.57 0 0 0
673.346 418.244 107.457 0 0 1.57 0 0 0
672.133 419.348 107.325 0 0 1.57 0 0 0
671.434 419.982 107.255 0 0 1.57 0 0 0
670.165 421.129 107.141 0 0 1.57 0 0 0
669.592 421.645 107.094 0 0 1.57 0 0 0
668.118 422.97 106.985 0 0 1.57 0 0 0
667.751 423.299 106.962 0 0 1.57 0 0 0
667.088 423.891 106.924 0 0 1.57 0 0 0
667.088 423.891 106.924 0 0 1.57 0 0 0
666.225 424.812 106.898 0 0 1.57 0 0 0
665.909 425.148 106.891 0 0 1.57 0 0 0
664.489 426.653 106.877 0 0 1.57 0 0 0
664.068 427.098 106.876 0 0 1.57 0 0 0
662.742 428.495 106.886 0 0 1.57 0 0 0
662.226 429.036 106.895 0 0 1.57 0 0 0
660.985 430.336 106.926 0 0 1.57 0 0 0
660.385 430.962 106.947 0 0 1.57 0 0 0
659.217 432.178 106.999 0 0 1.57 0 0 0
658.544 432.875 107.034 0 0 1.57 0 0 0
657.438 434.019 107.102 0 0 1.57 0 0 0
656.702 434.777 107.155 0 0 1.57 0 0 0
655.647 435.86 107.238 0 0 1.57 0 0 0
654.861 436.666 107.308 0 0 1.57 0 0 0
653.846 437.702 107.408 0 0 1.57 0 0 0
652.984 438.579 107.499 0 0 1.57 0 0 0
652.31 439.262 107.577 0 0 1.57 0 0 0
652.31 439.262 107.577 0 0 1.57 0 0 0
652.223 438.498 107.392 0 0 1.57 0 0 0
652.131 437.702 107.197 0 0 1.57 0 0 0
652.033 436.847 106.996 0 0 1.57 0 0 0
651.919 435.86 106.767 0 0 1.57 0 0 0
651.841 435.197 106.619 0 0 1.57 0 0 0
651.694 433.929 106.333 0 0 1.57 0 0 0
651.638 433.45 106.23 0 0 1.57 0 0 0
651.583 432.977 106.121 0 0 1.57 0 0 0
651.553 432.721 106.066 0 0 1.57 0 0 0
651.492 432.206 105.96 0 0 1.57 0 0 0
651.475 432.061 105.929 0 0 1.57 0 0 0
651.457 431.909 105.899 0 0 1.57 0 0 0
651.273 430.344 105.581 0 0 1.57 0 0 0
651.262 430.252 105.562 0 0 1.57 0 0 0
651.178 429.545 105.423 0 0 1.57 0 0 0
651.066 428.606 105.239 0 0 1.57 0 0 0
651.053 428.495 105.218 0 0 1.57 0 0 0
650.87 426.961 104.93 0 0 1.57 0 0 0
650.833 426.653 104.873 0 0 1.57 0 0 0
650.672 425.318 104.641 0 0 1.57 0 0 0
650.607 424.774 104.545 0 0 1.57 0 0 0
650.465 423.603 104.349 0 0 1.57 0 0 0
650.425 423.274 104.292 0 0 1.57 0 0 0
650.385 422.946 104.239 0 0 1.57 0 0 0
650.326 422.454 104.155 0 0 1.57 0 0 0
650.273 422.025 104.093 0 0 1.57 0 0 0
650.167 421.156 103.959 0 0 1.57 0 0 0
650.073 420.392 103.848 0 0 1.57 0 0 0
649.937 419.288 103.686 0 0 1.57 0 0 0
649.871 418.753 103.612 0 0 1.57 0 0 0
649.709 417.446 103.433 0 0 1.57 0 0 0
649.668 417.114 103.39 0 0 1.57 0 0 0
649.48 415.605 103.2 0 0 1.57 0 0 0
649.464 415.477 103.186 0 0 1.57 0 0 0
649.336 414.462 103.066 0 0 1.57 0 0 0
649.259 413.841 102.994 0 0 1.57 0 0 0
649.249 413.763 102.985 0 0 1.57 0 0 0
649.052 412.206 102.821 0 0 1.57 0 0 0
649.016 411.922 102.791 0 0 1.57 0 0 0
648.844 410.573 102.663 0 0 1.57 0 0 0
648.777 410.049 102.614 0 0 1.57 0 0 0
648.626 408.866 102.513 0 0 1.57 0 0 0
648.546 408.239 102.455 0 0 1.57 0 0 0
648.472 407.669 102.41 0 0 1.57 0 0 0
648.424 407.282 102.368 0 0 1.57 0 0 0
648.33 406.569 102.33 0 0 1.57 0 0 0
648.292 406.274 102.309 0 0 1.57 0 0 0
648.228 405.784 102.281 0 0 1.57 0 0 0
648.067 404.556 102.204 0 0 1.57 0 0 0
648.011 404.127 102.181 0 0 1.57 0 0 0
647.829 402.741 102.103 0 0 1.57 0 0 0
647.787 402.422 102.089 0 0 1.57 0 0 0
647.582 400.873 102.021 0 0 1.57 0 0 0
647.572 400.796 102.019 0 0 1.57 0 0 0
647.495 400.218 102 0 0 1.57 0 0 0
647.355 399.171 101.968 0 0 1.57 0 0 0
647.337 399.032 101.963 0 0 1.57 0 0 0
647.138 397.548 101.928 0 0 1.57 0 0 0
647.09 397.19 101.921 0 0 1.57 0 0 0
646.919 395.925 101.907 0 0 1.57 0 0 0
646.841 395.349 101.901 0 0 1.57 0 0 0
646.699 394.304 101.901 0 0 1.57 0 0 0
646.591 393.508 101.898 0 0 1.57 0 0 0
646.478 392.683 101.905 0 0 1.57 0 0 0
646.339 391.666 101.916 0 0 1.57 0 0 0
646.256 391.064 101.928 0 0 1.57 0 0 0
646.085 389.825 101.953 0 0 1.57 0 0 0
646.033 389.446 101.965 0 0 1.57 0 0 0
645.83 387.983 102.005 0 0 1.57 0 0 0
645.809 387.828 102.011 0 0 1.57 0 0 0
645.654 386.718 102.058 0 0 1.57 0 0 0
645.583 386.213 102.08 0 0 1.57 0 0 0
645.573 386.142 102.083 0 0 1.57 0 0 0
645.356 384.598 102.163 0 0 1.57 0 0 0
645.314 384.301 102.179 0 0 1.57 0 0 0
645.13 382.994 102.255 0 0 1.57 0 0 0
645.065 382.537 102.284 0 0 1.57 0 0 0
644.913 381.464 102.352 0 0 1.57 0 0 0
644.908 381.425 102.355 0 0 1.57 0 0 0
644.903 381.393 102.358 0 0 1.57 0 0 0
644.764 380.421 102.438 0 0 1.57 0 0 0
644.661 379.706 102.497 0 0 1.57 0 0 0
644.541 378.87 102.568 0 0 1.57 0 0 0
644.438 378.152 102.633 0 0 1.57 0 0 0
644.262 376.935 102.747 0 0 1.57 0 0 0
644.205 376.542 102.788 0 0 1.57 0 0 0
643.995 375.093 102.935 0 0 1.57 0 0 0
643.972 374.934 102.953 0 0 1.57 0 0 0
643.812 373.841 103.075 0 0 1.57 0 0 0
643.737 373.327 103.134 0 0 1.57 0 0 0
643.726 373.252 103.143 0 0 1.57 0 0 0
643.501 371.722 103.332 0 0 1.57 0 0 0
643.455 371.411 103.371 0 0 1.57 0 0 0
643.264 370.117 103.543 0 0 1.57 0 0 0
643.183 369.569 103.615 0 0 1.57 0 0 0
643.026 368.513 103.767 0 0 1.57 0 0 0
642.91 367.728 103.879 0 0 1.57 0 0 0
642.821 367.132 103.969 0 0 1.57 0 0 0
642.685 366.221 104.109 0 0 1.57 0 0 0
642.59 365.592 104.209 0 0 1.57 0 0 0
642.543 365.273 104.259 0 0 1.57 0 0 0
642.48 364.855 104.327 0 0 1.57 0 0 0
642.358 364.045 104.459 0 0 1.57 0 0 0
642.307 363.709 104.517 0 0 1.57 0 0 0
642.08 362.203 104.775 0 0 1.57 0 0 0
642.065 362.109 104.792 0 0 1.57 0 0 0
641.971 361.488 104.906 0 0 1.57 0 0 0
641.822 360.511 105.087 0 0 1.57 0 0 0
641.799 360.362 105.114 0 0 1.57 0 0 0
641.578 358.913 105.391 0 0 1.57 0 0 0
641.518 358.521 105.467 0 0 1.57 0 0 0
641.315 357.202 105.732 0 0 1.57 0 0 0
641.224 356.612 105.851 0 0 1.57 0 0 0
641.101 355.81 106.013 0 0 1.57 0 0 0
641.084 355.699 106.036 0 0 1.57 0 0 0
641.065 355.573 106.063 0 0 1.57 0 0 0
640.947 354.818 106.23 0 0 1.57 0 0 0
640.825 354.033 106.402 0 0 1.57 0 0 0
640.664 352.996 106.634 0 0 1.57 0 0 0
640.592 352.534 106.74 0 0 1.57 0 0 0
640.377 351.155 107.057 0 0 1.57 0 0 0
640.343 350.94 107.109 0 0 1.57 0 0 0
640.129 349.577 107.431 0 0 1.57 0 0 0
640.094 349.349 107.486 0 0 1.57 0 0 0
640.088 349.313 107.494 0 0 1.57 0 0 0
639.917 348.225 107.763 0 0 1.57 0 0 0
639.891 348.062 107.803 0 0 1.57 0 0 0
639.87 347.93 107.837 0 0 1.57 0 0 0
639.743 347.128 108.043 0 0 1.57 0 0 0
639.572 346.046 108.324 0 0 1.57 0 0 0
639.506 345.631 108.433 0 0 1.57 0 0 0
639.339 344.58 108.713 0 0 1.57 0 0 0
639.212 343.789 108.926 0 0 1.57 0 0 0
639.068 342.886 109.179 0 0 1.57 0 0 0
638.91 341.899 109.454 0 0 1.57 0 0 0
638.836 341.437 109.585 0 0 1.57 0 0 0
638.762 340.975 109.716 0 0 1.57 0 0 0
638.668 340.397 109.884 0 0 1.57 0 0 0
638.616 340.069 109.979 0 0 1.57 0 0 0
638.565 339.755 110.072 0 0 1.57 0 0 0
638.364 338.51 110.436 0 0 1.57 0 0 0
638.364 338.51 110.436 0 0 1.57 0 0 0
638.288 338.587 110.409 0 0 1.57 0 0 0
636.96 339.931 109.954 0 0 1.57 0 0 0
636.797 340.096 109.898 0 0 1.57 0 0 0
636.446 340.451 109.78 0 0 1.57 0 0 0
636.211 340.691 109.704 0 0 1.57 0 0 0
636.099 340.805 109.667 0 0 1.57 0 0 0
635.54 341.374 109.489 0 0 1.57 0 0 0
634.977 341.948 109.311 0 0 1.57 0 0 0
634.605 342.327 109.194 0 0 1.57 0 0 0
633.175 343.789 108.76 0 0 1.57 0 0 0
632.764 344.211 108.639 0 0 1.57 0 0 0
631.382 345.631 108.245 0 0 1.57 0 0 0
630.922 346.103 108.116 0 0 1.57 0 0 0
630.282 346.764 107.945 0 0 1.57 0 0 0
629.888 347.172 107.844 0 0 1.57 0 0 0
629.381 347.696 107.709 0 0 1.57 0 0 0
629.081 348.006 107.632 0 0 1.57 0 0 0
627.821 349.313 107.323 0 0 1.57 0 0 0
627.239 349.918 107.186 0 0 1.57 0 0 0
626.053 351.155 106.915 0 0 1.57 0 0 0
625.398 351.84 106.772 0 0 1.57 0 0 0
624.295 352.996 106.543 0 0 1.57 0 0 0
623.587 353.739 106.4 0 0 1.57 0 0 0
623.587 353.739 106.4 0 0 1.57 0 0 0
623.557 353.771 106.394 0 0 1.57 0 0 0
622.559 354.804 106.21 0 0 1.57 0 0 0
622.238 355.136 106.152 0 0 1.57 0 0 0
622.02 355.363 106.112 0 0 1.57 0 0 0
621.687 355.709 106.056 0 0 1.57 0 0 0
621.306 356.105 105.989 0 0 1.57 0 0 0
621.073 356.347 105.952 0 0 1.57 0 0 0
620.701 356.735 105.891 0 0 1.57 0 0 0
619.874 357.598 105.76 0 0 1.57 0 0 0
618.992 358.521 105.632 0 0 1.57 0 0 0
618.032 359.527 105.498 0 0 1.57 0 0 0
617.238 360.362 105.396 0 0 1.57 0 0 0
616.191 361.466 105.272 0 0 1.57 0 0 0
615.493 362.203 105.195 0 0 1.57 0 0 0
614.349 363.414 105.08 0 0 1.57 0 0 0
613.756 364.045 105.027 0 0 1.57 0 0 0
612.508 365.373 104.924 0 0 1.57 0 0 0
612.027 365.886 104.89 0 0 1.57 0 0 0
610.667 367.343 104.807 0 0 1.57 0 0 0
610.308 367.728 104.788 0 0 1.57 0 0 0
608.973 369.164 104.731 0 0 1.57 0 0 0
608.973 369.164 104.731 0 0 1.57 0 0 0
608.825 369.295 104.729 0 0 1.57 0 0 0
608.516 369.569 104.728 0 0 1.57 0 0 0
606.984 370.933 104.733 0 0 1.57 0 0 0
606.449 371.411 104.74 0 0 1.57 0 0 0
605.142 372.581 104.769 0 0 1.57 0 0 0
604.394 373.252 104.792 0 0 1.57 0 0 0
603.301 374.236 104.835 0 0 1.57 0 0 0
602.35 375.093 104.882 0 0 1.57 0 0 0
601.459 375.899 104.933 0 0 1.57 0 0 0
600.317 376.935 105.009 0 0 1.57 0 0 0
599.618 377.57 105.062 0 0 1.57 0 0 0
598.295 378.776 105.174 0 0 1.57 0 0 0
597.777 379.249 105.222 0 0 1.57 0 0 0
596.283 380.618 105.377 0 0 1.57 0 0 0
596.083 380.801 105.4 0 0 1.57 0 0 0
596.083 380.801 105.4 0 0 1.57 0 0 0
595.935 380.965 105.414 0 0 1.57 0 0 0
594.584 382.459 105.557 0 0 1.57 0 0 0
594.094 383.003 105.615 0 0 1.57 0 0 0
592.862 384.373 105.769 0 0 1.57 0 0 0
592.201 385.11 105.86 0 0 1.57 0 0 0
591.278 386.142 105.995 0 0 1.57 0 0 0
591.163 386.271 106.013 0 0 1.57 0 0 0
590.564 386.943 106.109 0 0 1.57 0 0 0
590.103 387.461 106.183 0 0 1.57 0 0 0
589.638 387.983 106.261 0 0 1.57 0 0 0
588.569 389.189 106.456 0 0 1.57 0 0 0
588.006 389.825 106.562 0 0 1.57 0 0 0
586.728 391.273 106.817 0 0 1.57 0 0 0
586.382 391.666 106.889 0 0 1.57 0 0 0
584.887 393.37 107.22 0 0 1.57 0 0 0
584.767 393.508 107.248 0 0 1.57 0 0 0
583.755 394.668 107.499 0 0 1.57 0 0 0
583.161 395.349 107.646 0 0 1.57 0 0 0
583.091 395.43 107.664 0 0 1.57 0 0 0
582.532 396.073 107.808 0 0 1.57 0 0 0
582.17 396.489 107.902 0 0 1.57 0 0 0
581.88 396.822 107.978 0 0 1.57 0 0 0
581.88 396.822 107.978 0 0 1.57 0 0 0
581.495 397.19 108.079 0 0 1.57 0 0 0
581.204 397.47 108.159 0 0 1.57 0 0 0
579.581 399.032 108.624 0 0 1.57 0 0 0
579.362 399.243 108.689 0 0 1.57 0 0 0
577.674 400.873 109.196 0 0 1.57 0 0 0
577.521 401.021 109.243 0 0 1.57 0 0 0
577.262 401.273 109.328 0 0 1.57 0 0 0
576.29 402.216 109.64 0 0 1.57 0 0 0
576.13 402.372 109.694 0 0 1.57 0 0 0
575.777 402.715 109.812 0 0 1.57 0 0 0
575.538 402.947 109.893 0 0 1.57 0 0 0
575.43 403.053 109.929 0 0 1.57 0 0 0
573.887 404.556 110.453 0 0 1.57 0 0 0
573.838 404.604 110.47 0 0 1.57 0 0 0
572.006 406.398 111.133 0 0 1.57 0 0 0
571.996 406.407 111.137 0 0 1.57 0 0 0
571.973 406.43 111.145 0 0 1.57 0 0 0
570.941 407.443 111.531 0 0 1.57 0 0 0
570.813 407.569 111.58 0 0 1.57 0 0 0
570.241 408.133 111.804 0 0 1.57 0 0 0
570.049 408.322 111.88 0 0 1.57 0 0 0
568.314 410.036 112.577 0 0 1.57 0 0 0
568.269 410.08 112.595 0 0 1.57 0 0 0
566.976 411.361 113.132 0 0 1.57 0 0 0
566.976 411.361 113.132 0 0 1.57 0 0 0
567.16 411.515 113.084 0 0 1.57 0 0 0
567.647 411.922 112.956 0 0 1.57 0 0 0
568.075 412.279 112.846 0 0 1.57 0 0 0
568.314 412.478 112.784 0 0 1.57 0 0 0
569.015 413.062 112.608 0 0 1.57 0 0 0
569.858 413.763 112.396 0 0 1.57 0 0 0
570.02 413.899 112.354 0 0 1.57 0 0 0
570.155 414.01 112.325 0 0 1.57 0 0 0
570.964 414.678 112.138 0 0 1.57 0 0 0
572.01 415.542 111.894 0 0 1.57 0 0 0
572.079 415.6 111.877 0 0 1.57 0 0 0
572.136 415.646 111.866 0 0 1.57 0 0 0
572.922 416.294 111.69 0 0 1.57 0 0 0
573.144 416.476 111.643 0 0 1.57 0 0 0
574.059 417.224 111.454 0 0 1.57 0 0 0
574.234 417.367 111.418 0 0 1.57 0 0 0
574.284 417.408 111.408 0 0 1.57 0 0 0
574.331 417.446 111.398 0 0 1.57 0 0 0
575.151 418.115 111.235 0 0 1.57 0 0 0
575.598 418.479 111.148 0 0 1.57 0 0 0
576.077 418.867 111.058 0 0 1.57 0 0 0
576.66 419.341 110.947 0 0 1.57 0 0 0
577.145 419.734 110.86 0 0 1.57 0 0 0
577.521 420.038 110.791 0 0 1.57 0 0 0
578.125 420.525 110.686 0 0 1.57 0 0 0
578.873 421.129 110.556 0 0 1.57 0 0 0
579.144 421.346 110.511 0 0 1.57 0 0 0
579.362 421.522 110.475 0 0 1.57 0 0 0
580.198 422.191 110.344 0 0 1.57 0 0 0
581.171 422.97 110.191 0 0 1.57 0 0 0
581.189 422.985 110.188 0 0 1.57 0 0 0
581.204 422.996 110.186 0 0 1.57 0 0 0
582.031 423.655 110.067 0 0 1.57 0 0 0
582.199 423.788 110.044 0 0 1.57 0 0 0
582.199 423.788 110.044 0 0 1.57 0 0 0
582.656 423.376 109.861 0 0 1.57 0 0 0
582.807 423.239 109.801 0 0 1.57 0 0 0
583.105 422.97 109.682 0 0 1.57 0 0 0
583.271 422.82 109.617 0 0 1.57 0 0 0
583.37 422.731 109.579 0 0 1.57 0 0 0
584.259 421.93 109.236 0 0 1.57 0 0 0
584.887 421.363 108.995 0 0 1.57 0 0 0
585.146 421.129 108.897 0 0 1.57 0 0 0
586.728 419.705 108.316 0 0 1.57 0 0 0
587.191 419.288 108.148 0 0 1.57 0 0 0
587.806 418.734 107.927 0 0 1.57 0 0 0
588 418.559 107.86 0 0 1.57 0 0 0
588.542 418.073 107.681 0 0 1.57 0 0 0
589.139 417.537 107.481 0 0 1.57 0 0 0
590.411 416.395 107.058 0 0 1.57 0 0 0
591.291 415.605 106.772 0 0 1.57 0 0 0
592.252 414.743 106.474 0 0 1.57 0 0 0
593.346 413.763 106.144 0 0 1.57 0 0 0
593.463 413.658 106.108 0 0 1.57 0 0 0
593.873 413.292 105.986 0 0 1.57 0 0 0
594.203 412.996 105.891 0 0 1.57 0 0 0
595.368 411.955 105.558 0 0 1.57 0 0 0
595.935 411.448 105.403 0 0 1.57 0 0 0
597.262 410.264 105.055 0 0 1.57 0 0 0
597.262 410.264 105.055 0 0 1.57 0 0 0
597.435 410.08 105.007 0 0 1.57 0 0 0
597.777 409.718 104.914 0 0 1.57 0 0 0
599.173 408.239 104.547 0 0 1.57 0 0 0
599.644 407.741 104.43 0 0 1.57 0 0 0
600.393 406.949 104.249 0 0 1.57 0 0 0
600.555 406.778 104.21 0 0 1.57 0 0 0
601.03 406.277 104.099 0 0 1.57 0 0 0
601.36 405.928 104.027 0 0 1.57 0 0 0
602.662 404.556 103.745 0 0 1.57 0 0 0
603.301 403.884 103.615 0 0 1.57 0 0 0
604.413 402.715 103.396 0 0 1.57 0 0 0
605.142 401.949 103.263 0 0 1.57 0 0 0
606.167 400.873 103.085 0 0 1.57 0 0 0
606.984 400.018 102.951 0 0 1.57 0 0 0
607.926 399.032 102.807 0 0 1.57 0 0 0
608.825 398.092 102.68 0 0 1.57 0 0 0
609.688 397.19 102.565 0 0 1.57 0 0 0
609.994 396.872 102.528 0 0 1.57 0 0 0
609.994 396.872 102.528 0 0 1.57 0 0 0
610.561 396.279 102.459 0 0 1.57 0 0 0
610.867 395.96 102.425 0 0 1.57 0 0 0
611.452 395.349 102.358 0 0 1.57 0 0 0
611.474 395.326 102.356 0 0 1.57 0 0 0
611.483 395.317 102.354 0 0 1.57 0 0 0
611.506 395.293 102.352 0 0 1.57 0 0 0
612.42 394.341 102.263 0 0 1.57 0 0 0
613.294 393.431 102.185 0 0 1.57 0 0 0
614.349 392.334 102.102 0 0 1.57 0 0 0
614.992 391.666 102.057 0 0 1.57 0 0 0
616.191 390.423 101.988 0 0 1.57 0 0 0
616.768 389.825 101.961 0 0 1.57 0 0 0
618.032 388.516 101.912 0 0 1.57 0 0 0
618.548 387.983 101.898 0 0 1.57 0 0 0
619.874 386.615 101.877 0 0 1.57 0 0 0
620.332 386.142 101.873 0 0 1.57 0 0 0
621.715 384.717 101.879 0 0 1.57 0 0 0
622.12 384.301 101.885 0 0 1.57 0 0 0
623.557 382.825 101.919 0 0 1.57 0 0 0
623.913 382.459 101.931 0 0 1.57 0 0 0
624.883 381.464 101.976 0 0 1.57 0 0 0
624.883 381.464 101.976 0 0 1.57 0 0 0
625.398 380.989 101.995 0 0 1.57 0 0 0
625.8 380.618 102.013 0 0 1.57 0 0 0
627.239 379.291 102.094 0 0 1.57 0 0 0
627.799 378.776 102.132 0 0 1.57 0 0 0
629.081 377.597 102.227 0 0 1.57 0 0 0
629.687 377.041 102.279 0 0 1.57 0 0 0
630.13 376.635 102.32 0 0 1.57 0 0 0
630.715 376.097 102.375 0 0 1.57 0 0 0
630.922 375.908 102.396 0 0 1.57 0 0 0
631.811 375.093 102.491 0 0 1.57 0 0 0
632.764 374.222 102.6 0 0 1.57 0 0 0
633.826 373.252 102.733 0 0 1.57 0 0 0
634.605 372.54 102.837 0 0 1.57 0 0 0
635.844 371.411 103.016 0 0 1.57 0 0 0
636.446 370.862 103.109 0 0 1.57 0 0 0
637.869 369.569 103.34 0 0 1.57 0 0 0
638.288 369.188 103.412 0 0 1.57 0 0 0
639.614 367.985 103.656 0 0 1.57 0 0 0
639.614 367.985 103.656 0 0 1.57 0 0 0
639.858 367.728 103.707 0 0 1.57 0 0 0
640.154 367.415 103.77 0 0 1.57 0 0 0
641.511 365.983 104.076 0 0 1.57 0 0 0
641.704 365.779 104.12 0 0 1.57 0 0 0
641.971 365.497 104.184 0 0 1.57 0 0 0
642.162 365.296 104.231 0 0 1.57 0 0 0
642.239 365.215 104.249 0 0 1.57 0 0 0
642.719 364.709 104.368 0 0 1.57 0 0 0
643.35 364.045 104.524 0 0 1.57 0 0 0
643.812 363.558 104.643 0 0 1.57 0 0 0
645.101 362.203 104.99 0 0 1.57 0 0 0
645.654 361.623 105.142 0 0 1.57 0 0 0
646.856 360.362 105.489 0 0 1.57 0 0 0
647.455 359.734 105.668 0 0 1.57 0 0 0
648.368 358.778 105.946 0 0 1.57 0 0 0
648.654 358.478 106.032 0 0 1.57 0 0 0
649.029 358.086 106.149 0 0 1.57 0 0 0
649.336 357.764 106.249 0 0 1.57 0 0 0
650.375 356.679 106.593 0 0 1.57 0 0 0
651.178 355.841 106.863 0 0 1.57 0 0 0
652.139 354.838 107.197 0 0 1.57 0 0 0
652.427 354.538 107.3 0 0 1.57 0 0 0
652.427 354.538 107.3 0 0 1.57 0 0 0
652.735 354.838 107.268 0 0 1.57 0 0 0
652.879 354.978 107.255 0 0 1.57 0 0 0
653.019 355.115 107.241 0 0 1.57 0 0 0
653.81 355.888 107.17 0 0 1.57 0 0 0
654.619 356.679 107.098 0 0 1.57 0 0 0
654.741 356.799 107.088 0 0 1.57 0 0 0
654.861 356.917 107.079 0 0 1.57 0 0 0
655.669 357.713 107.022 0 0 1.57 0 0 0
656.489 358.521 106.964 0 0 1.57 0 0 0
656.596 358.626 106.958 0 0 1.57 0 0 0
656.702 358.731 106.951 0 0 1.57 0 0 0
657.522 359.542 106.906 0 0 1.57 0 0 0
658.348 360.362 106.864 0 0 1.57 0 0 0
658.447 360.46 106.86 0 0 1.57 0 0 0
658.544 360.556 106.855 0 0 1.57 0 0 0
659.369 361.378 106.825 0 0 1.57 0 0 0
660.197 362.203 106.796 0 0 1.57 0 0 0
660.291 362.298 106.793 0 0 1.57 0 0 0
660.385 362.392 106.791 0 0 1.57 0 0 0
661.21 363.22 106.777 0 0 1.57 0 0 0
662.033 364.045 106.763 0 0 1.57 0 0 0
662.13 364.143 106.762 0 0 1.57 0 0 0
662.226 364.24 106.761 0 0 1.57 0 0 0
663.046 365.067 106.759 0 0 1.57 0 0 0
663.858 365.886 106.762 0 0 1.57 0 0 0
663.961 365.992 106.763 0 0 1.57 0 0 0
664.068 366.099 106.764 0 0 1.57 0 0 0
664.876 366.92 106.777 0 0 1.57 0 0 0
665.672 367.728 106.791 0 0 1.57 0 0 0
665.788 367.846 106.795 0 0 1.57 0 0 0
665.909 367.97 106.798 0 0 1.57 0 0 0
666.573 368.648 106.823 0 0 1.57 0 0 0
666.573 368.648 106.823 0 0 1.57 0 0 0
665.909 369.256 106.599 0 0 1.57 0 0 0
665.569 369.568 106.488 0 0 1.57 0 0 0
664.47 370.575 106.14 0 0 1.57 0 0 0
664.292 370.738 106.083 0 0 1.57 0 0 0
663.861 371.133 105.948 0 0 1.57 0 0 0
663.486 371.477 105.833 0 0 1.57 0 0 0
662.226 372.63 105.458 0 0 1.57 0 0 0
661.547 373.252 105.262 0 0 1.57 0 0 0
660.385 374.316 104.936 0 0 1.57 0 0 0
659.536 375.093 104.707 0 0 1.57 0 0 0
658.521 376.022 104.443 0 0 1.57 0 0 0
657.905 376.585 104.284 0 0 1.57 0 0 0
657.61 376.856 104.208 0 0 1.57 0 0 0
657.243 377.191 104.12 0 0 1.57 0 0 0
656.735 377.655 104.002 0 0 1.57 0 0 0
655.509 378.776 103.72 0 0 1.57 0 0 0
654.861 379.369 103.576 0 0 1.57 0 0 0
653.494 380.618 103.287 0 0 1.57 0 0 0
653.019 381.051 103.192 0 0 1.57 0 0 0
651.841 382.127 102.965 0 0 1.57 0 0 0
651.841 382.127 102.965 0 0 1.57 0 0 0
651.525 382.459 102.901 0 0 1.57 0 0 0
651.178 382.823 102.834 0 0 1.57 0 0 0
649.769 384.301 102.58 0 0 1.57 0 0 0
649.336 384.754 102.504 0 0 1.57 0 0 0
648.673 385.449 102.384 0 0 1.57 0 0 0
648.505 385.626 102.358 0 0 1.57 0 0 0
648.02 386.133 102.29 0 0 1.57 0 0 0
647.622 386.55 102.233 0 0 1.57 0 0 0
646.252 387.983 102.042 0 0 1.57 0 0 0
645.654 388.609 101.965 0 0 1.57 0 0 0
644.491 389.825 101.829 0 0 1.57 0 0 0
643.812 390.534 101.756 0 0 1.57 0 0 0
642.728 391.666 101.651 0 0 1.57 0 0 0
641.971 392.457 101.587 0 0 1.57 0 0 0
640.964 393.508 101.51 0 0 1.57 0 0 0
640.129 394.378 101.456 0 0 1.57 0 0 0
639.198 395.349 101.407 0 0 1.57 0 0 0
638.952 395.606 101.396 0 0 1.57 0 0 0
638.952 395.606 101.396 0 0 1.57 0 0 0
638.288 396.299 101.366 0 0 1.57 0 0 0
637.433 397.19 101.338 0 0 1.57 0 0 0
636.446 398.219 101.317 0 0 1.57 0 0 0
635.667 399.032 101.307 0 0 1.57 0 0 0
634.605 400.138 101.305 0 0 1.57 0 0 0
633.898 400.873 101.313 0 0 1.57 0 0 0
632.764 402.054 101.334 0 0 1.57 0 0 0
632.129 402.715 101.353 0 0 1.57 0 0 0
630.922 403.97 101.404 0 0 1.57 0 0 0
630.358 404.556 101.433 0 0 1.57 0 0 0
629.081 405.883 101.512 0 0 1.57 0 0 0
628.586 406.398 101.548 0 0 1.57 0 0 0
627.239 407.795 101.659 0 0 1.57 0 0 0
626.812 408.239 101.699 0 0 1.57 0 0 0
625.398 409.706 101.848 0 0 1.57 0 0 0
625.037 410.08 101.889 0 0 1.57 0 0 0
624.22 410.927 101.991 0 0 1.57 0 0 0
624.22 410.927 101.991 0 0 1.57 0 0 0
623.557 411.537 102.068 0 0 1.57 0 0 0
623.137 411.922 102.121 0 0 1.57 0 0 0
621.715 413.227 102.308 0 0 1.57 0 0 0
621.614 413.32 102.321 0 0 1.57 0 0 0
621.183 413.715 102.383 0 0 1.57 0 0 0
620.872 414 102.434 0 0 1.57 0 0 0
619.88 414.909 102.591 0 0 1.57 0 0 0
619.121 415.605 102.717 0 0 1.57 0 0 0
618.032 416.602 102.907 0 0 1.57 0 0 0
617.11 417.446 103.078 0 0 1.57 0 0 0
616.191 418.287 103.256 0 0 1.57 0 0 0
615.096 419.288 103.48 0 0 1.57 0 0 0
614.349 419.97 103.64 0 0 1.57 0 0 0
612.941 421.257 103.957 0 0 1.57 0 0 0
612.478 421.68 104.063 0 0 1.57 0 0 0
611.937 422.174 104.189 0 0 1.57 0 0 0
611.783 422.314 104.227 0 0 1.57 0 0 0
611.044 422.988 104.421 0 0 1.57 0 0 0
610.667 423.332 104.518 0 0 1.57 0 0 0
609.489 424.406 104.824 0 0 1.57 0 0 0
609.489 424.406 104.824 0 0 1.57 0 0 0
609.12 424.812 104.93 0 0 1.57 0 0 0
608.825 425.136 105.019 0 0 1.57 0 0 0
607.446 426.653 105.454 0 0 1.57 0 0 0
606.964 427.183 105.611 0 0 1.57 0 0 0
605.997 428.245 105.929 0 0 1.57 0 0 0
605.765 428.501 106.005 0 0 1.57 0 0 0
605.449 428.848 106.112 0 0 1.57 0 0 0
605.045 429.292 106.254 0 0 1.57 0 0 0
604.095 430.336 106.593 0 0 1.57 0 0 0
603.301 431.208 106.884 0 0 1.57 0 0 0
602.418 432.178 107.211 0 0 1.57 0 0 0
601.483 433.205 107.566 0 0 1.57 0 0 0
600.964 433.775 107.766 0 0 1.57 0 0 0
600.621 434.151 107.903 0 0 1.57 0 0 0
600.396 434.398 107.994 0 0 1.57 0 0 0
599.606 435.265 108.315 0 0 1.57 0 0 0
599.064 435.86 108.537 0 0 1.57 0 0 0
597.777 437.273 109.082 0 0 1.57 0 0 0
597.379 437.709 109.252 0 0 1.57 0 0 0
596.451 438.728 109.653 0 0 1.57 0 0 0
596.37 438.817 109.688 0 0 1.57 0 0 0
596.039 439.18 109.837 0 0 1.57 0 0 0
596.039 439.18 109.837 0 0 1.57 0 0 0
596.146 439.287 109.841 0 0 1.57 0 0 0
596.728 439.867 109.865 0 0 1.57 0 0 0
597.127 440.264 109.882 0 0 1.57 0 0 0
597.577 440.711 109.905 0 0 1.57 0 0 0
597.999 441.13 109.926 0 0 1.57 0 0 0
598.322 441.448 109.948 0 0 1.57 0 0 0
599.138 442.254 110 0 0 1.57 0 0 0
599.618 442.727 110.032 0 0 1.57 0 0 0
599.872 442.977 110.049 0 0 1.57 0 0 0
600.136 443.236 110.07 0 0 1.57 0 0 0
600.761 443.849 110.119 0 0 1.57 0 0 0
601.413 444.487 110.173 0 0 1.57 0 0 0
601.747 444.814 110.202 0 0 1.57 0 0 0
601.977 445.038 110.223 0 0 1.57 0 0 0
602.648 445.691 110.288 0 0 1.57 0 0 0
603.319 446.344 110.352 0 0 1.57 0 0 0
603.638 446.653 110.385 0 0 1.57 0 0 0
603.902 446.909 110.413 0 0 1.57 0 0 0
604.533 447.518 110.486 0 0 1.57 0 0 0
605.142 448.106 110.555 0 0 1.57 0 0 0
605.462 448.414 110.594 0 0 1.57 0 0 0
605.811 448.75 110.636 0 0 1.57 0 0 0
606.417 449.332 110.714 0 0 1.57 0 0 0
606.984 449.874 110.788 0 0 1.57 0 0 0
607.351 450.225 110.84 0 0 1.57 0 0 0
607.735 450.592 110.893 0 0 1.57 0 0 0
608.229 451.063 110.965 0 0 1.57 0 0 0
608.813 451.618 111.05 0 0 1.57 0 0 0
609.273 452.055 111.12 0 0 1.57 0 0 0
609.734 452.491 111.192 0 0 1.57 0 0 0
610.139 452.875 111.257 0 0 1.57 0 0 0
610.604 453.314 111.333 0 0 1.57 0 0 0
610.604 453.314 111.333 0 0 1.57 0 0 0
610.667 453.245 111.305 0 0 1.57 0 0 0
611.404 452.433 110.98 0 0 1.57 0 0 0
612.508 451.216 110.498 0 0 1.57 0 0 0
613.074 450.592 110.257 0 0 1.57 0 0 0
613.814 449.774 109.948 0 0 1.57 0 0 0
614.15 449.403 109.807 0 0 1.57 0 0 0
614.206 449.341 109.784 0 0 1.57 0 0 0
614.349 449.183 109.725 0 0 1.57 0 0 0
614.66 448.839 109.598 0 0 1.57 0 0 0
614.849 448.629 109.522 0 0 1.57 0 0 0
616.179 447.155 108.995 0 0 1.57 0 0 0
616.401 446.909 108.909 0 0 1.57 0 0 0
618.032 445.095 108.296 0 0 1.57 0 0 0
618.059 445.065 108.286 0 0 1.57 0 0 0
618.119 444.998 108.263 0 0 1.57 0 0 0
619.017 443.999 107.929 0 0 1.57 0 0 0
619.124 443.88 107.89 0 0 1.57 0 0 0
619.651 443.292 107.708 0 0 1.57 0 0 0
619.9 443.013 107.622 0 0 1.57 0 0 0
621.355 441.385 107.134 0 0 1.57 0 0 0
621.715 440.982 107.015 0 0 1.57 0 0 0
622.998 439.543 106.601 0 0 1.57 0 0 0
623.557 438.916 106.43 0 0 1.57 0 0 0
623.761 438.686 106.369 0 0 1.57 0 0 0
623.761 438.686 106.369 0 0 1.57 0 0 0
624.49 438.008 106.186 0 0 1.57 0 0 0
624.788 437.73 106.113 0 0 1.57 0 0 0
625.39 437.17 105.96 0 0 1.57 0 0 0
625.398 437.163 105.958 0 0 1.57 0 0 0
626.795 435.86 105.627 0 0 1.57 0 0 0
627.239 435.445 105.525 0 0 1.57 0 0 0
628.761 434.019 105.197 0 0 1.57 0 0 0
629.081 433.719 105.13 0 0 1.57 0 0 0
630.72 432.178 104.809 0 0 1.57 0 0 0
630.922 431.987 104.771 0 0 1.57 0 0 0
632.672 430.336 104.457 0 0 1.57 0 0 0
632.764 430.249 104.441 0 0 1.57 0 0 0
633.921 429.153 104.255 0 0 1.57 0 0 0
634.164 428.923 104.218 0 0 1.57 0 0 0
634.605 428.504 104.148 0 0 1.57 0 0 0
634.821 428.299 104.116 0 0 1.57 0 0 0
634.942 428.184 104.098 0 0 1.57 0 0 0
636.446 426.752 103.891 0 0 1.57 0 0 0
636.55 426.653 103.878 0 0 1.57 0 0 0
638.288 424.993 103.666 0 0 1.57 0 0 0
638.478 424.812 103.645 0 0 1.57 0 0 0
640.128 423.229 103.477 0 0 1.57 0 0 0
640.128 423.229 103.477 0 0 1.57 0 0 0
640.129 423.227 103.477 0 0 1.57 0 0 0
640.376 422.97 103.451 0 0 1.57 0 0 0
641.971 421.307 103.301 0 0 1.57 0 0 0
642.142 421.129 103.287 0 0 1.57 0 0 0
643.812 419.38 103.161 0 0 1.57 0 0 0
643.9 419.288 103.156 0 0 1.57 0 0 0
645.613 417.486 103.064 0 0 1.57 0 0 0
645.652 417.446 103.062 0 0 1.57 0 0 0
645.654 417.444 103.061 0 0 1.57 0 0 0
647.397 415.605 103.002 0 0 1.57 0 0 0
647.495 415.501 102.999 0 0 1.57 0 0 0
649.135 413.763 102.974 0 0 1.57 0 0 0
649.336 413.55 102.974 0 0 1.57 0 0 0
650.867 411.922 102.984 0 0 1.57 0 0 0
651.178 411.591 102.989 0 0 1.57 0 0 0
651.178 411.59 102.989 0 0 1.57 0 0 0
651.178 411.59 102.989 0 0 1.57 0 0 0
652.651 410.08 103.033 0 0 1.57 0 0 0
653.019 409.702 103.048 0 0 1.57 0 0 0
654.441 408.239 103.118 0 0 1.57 0 0 0
654.861 407.806 103.143 0 0 1.57 0 0 0
656.223 406.398 103.24 0 0 1.57 0 0 0
656.702 405.902 103.278 0 0 1.57 0 0 0
657.999 404.556 103.395 0 0 1.57 0 0 0
658.544 403.99 103.45 0 0 1.57 0 0 0
659.769 402.715 103.584 0 0 1.57 0 0 0
660.385 402.072 103.659 0 0 1.57 0 0 0
661.531 400.873 103.81 0 0 1.57 0 0 0
662.226 400.145 103.908 0 0 1.57 0 0 0
663.288 399.032 104.066 0 0 1.57 0 0 0
663.623 398.68 104.121 0 0 1.57 0 0 0
664.123 398.153 104.207 0 0 1.57 0 0 0
664.58 397.673 104.281 0 0 1.57 0 0 0
665.038 397.19 104.359 0 0 1.57 0 0 0
665.909 396.27 104.522 0 0 1.57 0 0 0
665.91 396.269 104.522 0 0 1.57 0 0 0
665.91 396.269 104.522 0 0 1.57 0 0 0
666.807 395.349 104.696 0 0 1.57 0 0 0
667.751 394.38 104.888 0 0 1.57 0 0 0
668.598 393.508 105.069 0 0 1.57 0 0 0
669.592 392.482 105.293 0 0 1.57 0 0 0
670.383 391.666 105.477 0 0 1.57 0 0 0
671.434 390.578 105.734 0 0 1.57 0 0 0
672.16 389.825 105.919 0 0 1.57 0 0 0
672.518 389.453 106.012 0 0 1.57 0 0 0
672.885 389.072 106.109 0 0 1.57 0 0 0
673.271 388.671 106.215 0 0 1.57 0 0 0
673.965 387.949 106.407 0 0 1.57 0 0 0
675.116 386.748 106.738 0 0 1.57 0 0 0
675.697 386.142 106.909 0 0 1.57 0 0 0
676.958 384.822 107.297 0 0 1.57 0 0 0
677.455 384.301 107.455 0 0 1.57 0 0 0
678.392 383.317 107.76 0 0 1.57 0 0 0
678.648 383.048 107.844 0 0 1.57 0 0 0
679.193 382.476 108.024 0 0 1.57 0 0 0
679.209 382.459 108.03 0 0 1.57 0 0 0
680.641 380.949 108.533 0 0 1.57 0 0 0
680.641 380.949 108.533 0 0 1.57 0 0 0
680.641 380.949 108.533 0 0 1.57 0 0 0
681.363 381.737 108.661 0 0 1.57 0 0 0
682.024 382.459 108.777 0 0 1.57 0 0 0
682.243 382.698 108.817 0 0 1.57 0 0 0
682.482 382.96 108.861 0 0 1.57 0 0 0
683.123 383.663 108.984 0 0 1.57 0 0 0
683.702 384.301 109.098 0 0 1.57 0 0 0
683.998 384.626 109.16 0 0 1.57 0 0 0
684.323 384.986 109.227 0 0 1.57 0 0 0
684.777 385.486 109.323 0 0 1.57 0 0 0
685.369 386.142 109.45 0 0 1.57 0 0 0
685.595 386.392 109.5 0 0 1.57 0 0 0
685.842 386.667 109.557 0 0 1.57 0 0 0
686.604 387.514 109.736 0 0 1.57 0 0 0
686.864 387.804 109.797 0 0 1.57 0 0 0
686.939 387.887 109.815 0 0 1.57 0 0 0
687.025 387.983 109.835 0 0 1.57 0 0 0
687.577 388.599 109.968 0 0 1.57 0 0 0
687.917 388.979 110.053 0 0 1.57 0 0 0
688.342 389.454 110.159 0 0 1.57 0 0 0
688.736 389.896 110.262 0 0 1.57 0 0 0
689.233 390.455 110.396 0 0 1.57 0 0 0
689.848 391.147 110.561 0 0 1.57 0 0 0
690.092 391.422 110.628 0 0 1.57 0 0 0
690.309 391.666 110.688 0 0 1.57 0 0 0
690.957 392.399 110.872 0 0 1.57 0 0 0
691.689 393.229 111.086 0 0 1.57 0 0 0
691.792 393.346 111.117 0 0 1.57 0 0 0
691.935 393.508 111.16 0 0 1.57 0 0 0
692.491 394.141 111.332 0 0 1.57 0 0 0
692.937 394.648 111.466 0 0 1.57 0 0 0
693.552 395.349 111.658 0 0 1.57 0 0 0
693.873 395.717 111.764 0 0 1.57 0 0 0
694.493 396.429 111.971 0 0 1.57 0 0 0
694.881 396.873 112.1 0 0 1.57 0 0 0
694.881 396.873 112.1 0 0 1.57 0 0 0
694.582 397.19 112 0 0 1.57 0 0 0
693.856 397.958 111.767 0 0 1.57 0 0 0
693.5 398.335 111.654 0 0 1.57 0 0 0
692.914 398.951 111.475 0 0 1.57 0 0 0
692.838 399.032 111.451 0 0 1.57 0 0 0
691.689 400.239 111.106 0 0 1.57 0 0 0
691.084 400.873 110.93 0 0 1.57 0 0 0
689.848 402.164 110.586 0 0 1.57 0 0 0
689.349 402.683 110.45 0 0 1.57 0 0 0
687.967 404.117 110.093 0 0 1.57 0 0 0
687.542 404.556 109.988 0 0 1.57 0 0 0
686.813 405.309 109.811 0 0 1.57 0 0 0
686.43 405.703 109.718 0 0 1.57 0 0 0
685.799 406.353 109.571 0 0 1.57 0 0 0
685.756 406.398 109.561 0 0 1.57 0 0 0
684.323 407.864 109.248 0 0 1.57 0 0 0
683.957 408.239 109.17 0 0 1.57 0 0 0
682.482 409.74 108.875 0 0 1.57 0 0 0
682.147 410.08 108.811 0 0 1.57 0 0 0
681.82 410.411 108.751 0 0 1.57 0 0 0
681.82 410.411 108.751 0 0 1.57 0 0 0
680.641 411.515 108.528 0 0 1.57 0 0 0
680.184 411.941 108.446 0 0 1.57 0 0 0
678.775 413.251 108.208 0 0 1.57 0 0 0
678.222 413.763 108.118 0 0 1.57 0 0 0
677.437 414.49 107.997 0 0 1.57 0 0 0
676.995 414.898 107.931 0 0 1.57 0 0 0
676.286 415.55 107.83 0 0 1.57 0 0 0
676.227 415.605 107.822 0 0 1.57 0 0 0
675.126 416.616 107.673 0 0 1.57 0 0 0
674.32 417.354 107.572 0 0 1.57 0 0 0
673.346 418.244 107.457 0 0 1.57 0 0 0
672.133 419.348 107.325 0 0 1.57 0 0 0
671.434 419.982 107.255 0 0 1.57 0 0 0
670.165 421.129 107.141 0 0 1.57 0 0 0
669.592 421.645 107.094 0 0 1.57 0 0 0
668.118 422.97 106.985 0 0 1.57 0 0 0
667.751 423.299 106.962 0 0 1.57 0 0 0
667.088 423.891 106.924 0 0 1.57 0 0 0
667.088 423.891 106.924 0 0 1.57 0 0 0
666.225 424.812 106.898 0 0 1.57 0 0 0
665.909 425.148 106.891 0 0 1.57 0 0 0
664.489 426.653 106.877 0 0 1.57 0 0 0
664.068 427.098 106.876 0 0 1.57 0 0 0
662.742 428.495 106.886 0 0 1.57 0 0 0
662.226 429.036 106.895 0 0 1.57 0 0 0
660.985 430.336 106.926 0 0 1.57 0 0 0
660.385 430.962 106.947 0 0 1.57 0 0 0
659.217 432.178 106.999 0 0 1.57 0 0 0
658.544 432.875 107.034 0 0 1.57 0 0 0
657.438 434.019 107.102 0 0 1.57 0 0 0
656.702 434.777 107.155 0 0 1.57 0 0 0
655.647 435.86 107.238 0 0 1.57 0 0 0
654.861 436.666 107.308 0 0 1.57 0 0 0
653.846 437.702 107.408 0 0 1.57 0 0 0
652.984 438.579 107.499 0 0 1.57 0 0 0
652.31 439.262 107.577 0 0 1.57 0 0 0
652.31 439.262 107.577 0 0 1.57 0 0 0
652.023 439.566 107.613 0 0 1.57 0 0 0
651.178 440.456 107.726 0 0 1.57 0 0 0
650.712 440.946 107.793 0 0 1.57 0 0 0
650.123 441.564 107.879 0 0 1.57 0 0 0
649.664 442.046 107.945 0 0 1.57 0 0 0
649.171 442.561 108.024 0 0 1.57 0 0 0
648.934 442.809 108.061 0 0 1.57 0 0 0
648.816 442.932 108.081 0 0 1.57 0 0 0
648.579 443.179 108.121 0 0 1.57 0 0 0
647.495 444.307 108.304 0 0 1.57 0 0 0
646.762 445.067 108.436 0 0 1.57 0 0 0
645.654 446.214 108.645 0 0 1.57 0 0 0
644.98 446.909 108.778 0 0 1.57 0 0 0
643.812 448.109 109.018 0 0 1.57 0 0 0
643.186 448.75 109.153 0 0 1.57 0 0 0
641.971 449.992 109.425 0 0 1.57 0 0 0
641.522 450.449 109.53 0 0 1.57 0 0 0
640.975 451.005 109.66 0 0 1.57 0 0 0
640.566 451.42 109.759 0 0 1.57 0 0 0
640.421 451.567 109.795 0 0 1.57 0 0 0
639.989 452.004 109.905 0 0 1.57 0 0 0
639.866 452.128 109.936 0 0 1.57 0 0 0
639.809 452.186 109.951 0 0 1.57 0 0 0
639.695 452.301 109.98 0 0 1.57 0 0 0
639.385 452.615 110.06 0 0 1.57 0 0 0
639.385 452.615 110.06 0 0 1.57 0 0 0
638.288 453.664 110.324 0 0 1.57 0 0 0
637.648 454.275 110.485 0 0 1.57 0 0 0
636.446 455.415 110.801 0 0 1.57 0 0 0
635.705 456.116 111.003 0 0 1.57 0 0 0
634.605 457.156 111.305 0 0 1.57 0 0 0
634.212 457.527 111.416 0 0 1.57 0 0 0
633.702 458.006 111.563 0 0 1.57 0 0 0
633.21 458.467 111.709 0 0 1.57 0 0 0
632.764 458.885 111.844 0 0 1.57 0 0 0
631.785 459.799 112.147 0 0 1.57 0 0 0
630.922 460.604 112.416 0 0 1.57 0 0 0
629.807 461.64 112.773 0 0 1.57 0 0 0
629.081 462.314 113.012 0 0 1.57 0 0 0
628.343 462.996 113.262 0 0 1.57 0 0 0
627.961 463.347 113.392 0 0 1.57 0 0 0
627.37 463.893 113.596 0 0 1.57 0 0 0
627.239 464.013 113.642 0 0 1.57 0 0 0
625.809 465.323 114.158 0 0 1.57 0 0 0
625.398 465.699 114.308 0 0 1.57 0 0 0
624.849 466.2 114.514 0 0 1.57 0 0 0
624.849 466.2 114.514 0 0 1.57 0 0 0
625.398 466.71 114.678 0 0 1.57 0 0 0
625.634 466.929 114.751 0 0 1.57 0 0 0
625.888 467.165 114.829 0 0 1.57 0 0 0
626.394 467.632 114.986 0 0 1.57 0 0 0
627.059 468.247 115.195 0 0 1.57 0 0 0
627.239 468.413 115.253 0 0 1.57 0 0 0
628.091 469.194 115.535 0 0 1.57 0 0 0
628.59 469.651 115.702 0 0 1.57 0 0 0
629.081 470.101 115.865 0 0 1.57 0 0 0
629.5 470.484 116.007 0 0 1.57 0 0 0
629.899 470.847 116.146 0 0 1.57 0 0 0
630.407 471.31 116.324 0 0 1.57 0 0 0
630.922 471.778 116.505 0 0 1.57 0 0 0
631.333 472.15 116.652 0 0 1.57 0 0 0
631.742 472.521 116.798 0 0 1.57 0 0 0
632.746 473.429 117.163 0 0 1.57 0 0 0
632.756 473.438 117.166 0 0 1.57 0 0 0
632.759 473.441 117.167 0 0 1.57 0 0 0
632.764 473.445 117.169 0 0 1.57 0 0 0
633.484 474.091 117.443 0 0 1.57 0 0 0
633.972 474.53 117.627 0 0 1.57 0 0 0
634.306 474.829 117.754 0 0 1.57 0 0 0
634.605 475.109 117.839 0 0 1.57 0 0 0
635.258 475.719 118.03 0 0 1.57 0 0 0
635.863 476.372 117.983 0 0 1.57 0 0 0
636.132 476.66 117.968 0 0 1.57 0 0 0
636.443 477.081 117.74 0 0 1.57 0 0 0
636.828 477.587 117.5 0 0 1.57 0 0 0
636.955 477.769 117.378 0 0 1.57 0 0 0
637.021 477.964 116.978 0 0 1.57 0 0 0
637.231 478.446 116.177 0 0 1.57 0 0 0
637.231 478.564 115.831 0 0 1.57 0 0 0
637.16 478.909 114.623 0 0 1.57 0 0 0
637.142 478.99 114.335 0 0 1.57 0 0 0
637.121 479.011 114.212 0 0 1.57 0 0 0
636.829 479.303 112.494 0 0 1.57 0 0 0
636.647 479.485 111.422 0 0 1.57 0 0 0
636.516 479.616 110.652 0 0 1.57 0 0 0
636.341 479.791 109.621 0 0 1.57 0 0 0
636.341 479.791 109.621 0 0 1.57 0 0 0
636.668 479.464 109.623 0 0 1.57 0 0 0
637.183 478.949 109.627 0 0 1.57 0 0 0
637.694 478.438 109.63 0 0 1.57 0 0 0
638.104 478.029 109.632 0 0 1.57 0 0 0
638.516 477.617 109.635 0 0 1.57 0 0 0
639.024 477.108 109.638 0 0 1.57 0 0 0
639.53 476.602 109.641 0 0 1.57 0 0 0
639.945 476.187 109.644 0 0 1.57 0 0 0
640.363 475.77 109.646 0 0 1.57 0 0 0
640.866 475.267 109.649 0 0 1.57 0 0 0
641.366 474.767 109.652 0 0 1.57 0 0 0
641.786 474.346 109.655 0 0 1.57 0 0 0
642.21 473.922 109.658 0 0 1.57 0 0 0
642.707 473.425 109.661 0 0 1.57 0 0 0
643.201 472.931 109.664 0 0 1.57 0 0 0
643.628 472.504 109.667 0 0 1.57 0 0 0
644.057 472.075 109.669 0 0 1.57 0 0 0
644.549 471.584 109.672 0 0 1.57 0 0 0
645.037 471.095 109.675 0 0 1.57 0 0 0
645.469 470.663 109.678 0 0 1.57 0 0 0
645.904 470.228 109.681 0 0 1.57 0 0 0
646.39 469.742 109.684 0 0 1.57 0 0 0
646.873 469.26 109.687 0 0 1.57 0 0 0
647.311 468.822 109.689 0 0 1.57 0 0 0
647.751 468.381 109.692 0 0 1.57 0 0 0
648.231 467.901 109.695 0 0 1.57 0 0 0
648.709 467.424 109.698 0 0 1.57 0 0 0
649.148 466.98 109.701 0 0 1.57 0 0 0
649.594 466.527 109.704 0 0 1.57 0 0 0
650.069 466.053 109.707 0 0 1.57 0 0 0
650.54 465.581 109.709 0 0 1.57 0 0 0
650.634 465.484 109.71 0 0 1.57 0 0 0
650.634 465.484 109.71 0 0 1.57 0 0 0
650.975 465.132 109.676 0 0 1.57 0 0 0
651.388 464.702 109.635 0 0 1.57 0 0 0
651.898 464.195 109.585 0 0 1.57 0 0 0
652.46 463.635 109.531 0 0 1.57 0 0 0
652.801 463.277 109.496 0 0 1.57 0 0 0
653.128 462.929 109.462 0 0 1.57 0 0 0
653.726 462.337 109.405 0 0 1.57 0 0 0
654.384 461.687 109.342 0 0 1.57 0 0 0
654.633 461.423 109.317 0 0 1.57 0 0 0
654.875 461.16 109.291 0 0 1.57 0 0 0
655.561 460.487 109.227 0 0 1.57 0 0 0
656.312 459.747 109.157 0 0 1.57 0 0 0
656.47 459.576 109.14 0 0 1.57 0 0 0
656.629 459.401 109.122 0 0 1.57 0 0 0
657.403 458.644 109.053 0 0 1.57 0 0 0
658.239 457.821 108.978 0 0 1.57 0 0 0
658.314 457.739 108.969 0 0 1.57 0 0 0
658.39 457.651 108.959 0 0 1.57 0 0 0
659.253 456.808 108.888 0 0 1.57 0 0 0
660.166 455.912 108.811 0 0 1.57 0 0 0
661.052 455.005 108.739 0 0 1.57 0 0 0
661.088 454.969 108.736 0 0 1.57 0 0 0
661.127 454.93 108.733 0 0 1.57 0 0 0
661.983 454.05 108.662 0 0 1.57 0 0 0
662.798 453.211 108.595 0 0 1.57 0 0 0
662.906 453.103 108.587 0 0 1.57 0 0 0
663.023 452.987 108.578 0 0 1.57 0 0 0
663.805 452.186 108.513 0 0 1.57 0 0 0
664.55 451.422 108.452 0 0 1.57 0 0 0
664.73 451.244 108.438 0 0 1.57 0 0 0
664.924 451.051 108.423 0 0 1.57 0 0 0
665.63 450.327 108.365 0 0 1.57 0 0 0
665.63 450.327 108.365 0 0 1.57 0 0 0
665.63 450.327 108.365 0 0 1.57 0 0 0
666.344 449.581 108.402 0 0 1.57 0 0 0
666.548 449.376 108.413 0 0 1.57 0 0 0
666.741 449.181 108.423 0 0 1.57 0 0 0
667.438 448.451 108.459 0 0 1.57 0 0 0
668.2 447.659 108.499 0 0 1.57 0 0 0
668.355 447.503 108.508 0 0 1.57 0 0 0
668.502 447.354 108.516 0 0 1.57 0 0 0
669.253 446.578 108.555 0 0 1.57 0 0 0
670.063 445.738 108.597 0 0 1.57 0 0 0
670.169 445.631 108.603 0 0 1.57 0 0 0
670.27 445.529 108.608 0 0 1.57 0 0 0
671.061 444.705 108.649 0 0 1.57 0 0 0
671.919 443.818 108.694 0 0 1.57 0 0 0
671.977 443.76 108.697 0 0 1.57 0 0 0
672.032 443.704 108.7 0 0 1.57 0 0 0
672.879 442.833 108.745 0 0 1.57 0 0 0
673.785 441.906 108.793 0 0 1.57 0 0 0
673.794 441.897 108.793 0 0 1.57 0 0 0
673.802 441.888 108.794 0 0 1.57 0 0 0
674.121 441.562 108.811 0 0 1.57 0 0 0
674.673 440.981 108.836 0 0 1.57 0 0 0
674.694 440.965 108.839 0 0 1.57 0 0 0
674.71 440.942 108.839 0 0 1.57 0 0 0
675.578 440.007 108.912 0 0 1.57 0 0 0
676.354 439.175 108.979 0 0 1.57 0 0 0
676.491 439.072 109.005 0 0 1.57 0 0 0
676.6 438.91 109.007 0 0 1.57 0 0 0
677.342 438.093 109.1 0 0 1.57 0 0 0
677.977 437.395 109.18 0 0 1.57 0 0 0
678.272 437.171 109.247 0 0 1.57 0 0 0
678.514 436.801 109.263 0 0 1.57 0 0 0
678.514 436.801 109.263 0 0 1.57 0 0 0
678.514 436.801 109.263 0 0 1.57 0 0 0
679.072 436.146 109.386 0 0 1.57 0 0 0
679.505 435.643 109.483 0 0 1.57 0 0 0
680.032 435.237 109.651 0 0 1.57 0 0 0
680.487 434.492 109.74 0 0 1.57 0 0 0
680.767 434.157 109.816 0 0 1.57 0 0 0
680.973 433.909 109.873 0 0 1.57 0 0 0
681.419 433.567 110.034 0 0 1.57 0 0 0
682.261 432.542 110.177 0 0 1.57 0 0 0
682.437 432.269 110.184 0 0 1.57 0 0 0
682.496 432.204 110.193 0 0 1.57 0 0 0
682.548 432.148 110.201 0 0 1.57 0 0 0
682.678 432.059 110.234 0 0 1.57 0 0 0
684.326 430.352 110.382 0 0 1.57 0 0 0
686.146 428.534 110.512 0 0 1.57 0 0 0
686.189 428.489 110.514 0 0 1.57 0 0 0
686.756 427.94 110.578 0 0 1.57 0 0 0
687.943 426.769 110.693 0 0 1.57 0 0 0
687.992 426.684 110.684 0 0 1.57 0 0 0
688.032 426.645 110.685 0 0 1.57 0 0 0
688.072 426.606 110.685 0 0 1.57 0 0 0
688.167 426.558 110.699 0 0 1.57 0 0 0
689.891 425.139 110.73 0 0 1.57 0 0 0
689.986 425.01 110.711 0 0 1.57 0 0 0
690.052 424.949 110.706 0 0 1.57 0 0 0
690.124 424.881 110.7 0 0 1.57 0 0 0
690.34 424.754 110.704 0 0 1.57 0 0 0
691.598 423.744 110.625 0 0 1.57 0 0 0
691.755 423.553 110.591 0 0 1.57 0 0 0
691.857 423.46 110.578 0 0 1.57 0 0 0
691.975 423.351 110.562 0 0 1.57 0 0 0
693.072 422.489 110.454 0 0 1.57 0 0 0
693.246 422.342 110.434 0 0 1.57 0 0 0
693.246 422.342 110.434 0 0 1.57 0 0 0
693.892 421.762 110.449 0 0 1.57 0 0 0
693.994 421.661 110.45 0 0 1.57 0 0 0
694.095 421.56 110.451 0 0 1.57 0 0 0
695.015 420.738 110.47 0 0 1.57 0 0 0
695.851 419.975 110.485 0 0 1.57 0 0 0
695.934 419.891 110.486 0 0 1.57 0 0 0
696.017 419.809 110.487 0 0 1.57 0 0 0
696.933 418.969 110.501 0 0 1.57 0 0 0
697.784 418.176 110.514 0 0 1.57 0 0 0
697.853 418.107 110.515 0 0 1.57 0 0 0
697.921 418.039 110.516 0 0 1.57 0 0 0
698.83 417.186 110.528 0 0 1.57 0 0 0
699.694 416.367 110.54 0 0 1.57 0 0 0
699.75 416.311 110.541 0 0 1.57 0 0 0
699.805 416.256 110.541 0 0 1.57 0 0 0
700.704 415.39 110.553 0 0 1.57 0 0 0
701.58 414.537 110.564 0 0 1.57 0 0 0
701.624 414.493 110.565 0 0 1.57 0 0 0
701.668 414.45 110.565 0 0 1.57 0 0 0
702.553 413.573 110.576 0 0 1.57 0 0 0
703.442 412.691 110.587 0 0 1.57 0 0 0
703.474 412.658 110.588 0 0 1.57 0 0 0
703.506 412.626 110.588 0 0 1.57 0 0 0
704.395 411.737 110.599 0 0 1.57 0 0 0
705.295 410.837 110.611 0 0 1.57 0 0 0
705.316 410.817 110.611 0 0 1.57 0 0 0
705.336 410.796 110.611 0 0 1.57 0 0 0
706.236 409.896 110.623 0 0 1.57 0 0 0
707.148 408.984 110.634 0 0 1.57 0 0 0
707.157 408.975 110.634 0 0 1.57 0 0 0
707.166 408.967 110.635 0 0 1.57 0 0 0
707.752 408.381 110.642 0 0 1.57 0 0 0
707.752 408.381 110.642 0 0 1.57 0 0 0
707.732 408.401 110.652 0 0 1.57 0 0 0
707.153 408.973 110.951 0 0 1.57 0 0 0
706.537 409.582 111.27 0 0 1.57 0 0 0
706.226 409.868 111.425 0 0 1.57 0 0 0
705.656 410.384 111.706 0 0 1.57 0 0 0
705.252 410.77 111.912 0 0 1.57 0 0 0
705.015 410.997 112.032 0 0 1.57 0 0 0
704.309 411.601 112.37 0 0 1.57 0 0 0
704.043 411.82 112.494 0 0 1.57 0 0 0
703.123 412.375 112.826 0 0 1.57 0 0 0
702.469 412.765 113.059 0 0 1.57 0 0 0
702.106 413.078 113.253 0 0 1.57 0 0 0
701.194 413.364 113.457 0 0 1.57 0 0 0
700.911 413.509 113.558 0 0 1.57 0 0 0
699.198 413.92 113.757 0 0 1.57 0 0 0
697.144 414.567 113.571 0 0 1.57 0 0 0
696.371 414.811 113.493 0 0 1.57 0 0 0
696.165 414.876 113.455 0 0 1.57 0 0 0
696.055 414.913 113.41 0 0 1.57 0 0 0
695.48 415.1 113.217 0 0 1.57 0 0 0
693.837 415.62 112.807 0 0 1.57 0 0 0
693.531 415.716 112.733 0 0 1.57 0 0 0
693.368 415.768 112.693 0 0 1.57 0 0 0
691.689 416.308 112.217 0 0 1.57 0 0 0
690.714 416.62 111.951 0 0 1.57 0 0 0
689.99 416.853 111.749 0 0 1.57 0 0 0
689.67 416.955 111.663 0 0 1.57 0 0 0
689.202 417.105 111.533 0 0 1.57 0 0 0
688.831 417.223 111.435 0 0 1.57 0 0 0
688.286 417.396 111.294 0 0 1.57 0 0 0
688.158 417.436 111.26 0 0 1.57 0 0 0
687.786 417.554 111.164 0 0 1.57 0 0 0
686.165 418.067 110.75 0 0 1.57 0 0 0
685.259 418.352 110.528 0 0 1.57 0 0 0
684.323 418.646 110.298 0 0 1.57 0 0 0
682.774 419.131 109.931 0 0 1.57 0 0 0
682.556 419.199 109.879 0 0 1.57 0 0 0
682.443 419.235 109.852 0 0 1.57 0 0 0
682.265 419.29 109.809 0 0 1.57 0 0 0
681.725 419.458 109.688 0 0 1.57 0 0 0
681.034 419.673 109.53 0 0 1.57 0 0 0
680.892 419.716 109.499 0 0 1.57 0 0 0
680.737 419.764 109.465 0 0 1.57 0 0 0
680.275 419.907 109.364 0 0 1.57 0 0 0
678.799 420.362 109.043 0 0 1.57 0 0 0
677.249 420.838 108.723 0 0 1.57 0 0 0
676.958 420.927 108.662 0 0 1.57 0 0 0
676.296 421.129 108.53 0 0 1.57 0 0 0
675.116 421.488 108.298 0 0 1.57 0 0 0
674.59 421.647 108.2 0 0 1.57 0 0 0
673.605 421.946 108.011 0 0 1.57 0 0 0
673.109 422.096 107.92 0 0 1.57 0 0 0
672.63 422.241 107.828 0 0 1.57 0 0 0
671.93 422.451 107.709 0 0 1.57 0 0 0
671.488 422.583 107.632 0 0 1.57 0 0 0
670.175 422.976 107.409 0 0 1.57 0 0 0
669.606 423.145 107.315 0 0 1.57 0 0 0
669.337 423.225 107.272 0 0 1.57 0 0 0
667.751 423.695 107.023 0 0 1.57 0 0 0
667.088 423.891 106.924 0 0 1.57 0 0 0
667.088 423.891 106.924 0 0 1.57 0 0 0
666.889 423.832 106.876 0 0 1.57 0 0 0
665.909 423.544 106.64 0 0 1.57 0 0 0
665.466 423.413 106.538 0 0 1.57 0 0 0
664.038 422.992 106.21 0 0 1.57 0 0 0
664.026 422.988 106.207 0 0 1.57 0 0 0
664.018 422.986 106.206 0 0 1.57 0 0 0
663.982 422.975 106.198 0 0 1.57 0 0 0
662.87 422.647 105.952 0 0 1.57 0 0 0
662.619 422.572 105.901 0 0 1.57 0 0 0
662.241 422.46 105.817 0 0 1.57 0 0 0
661.203 422.152 105.6 0 0 1.57 0 0 0
660.385 421.909 105.431 0 0 1.57 0 0 0
659.784 421.73 105.311 0 0 1.57 0 0 0
658.544 421.36 105.065 0 0 1.57 0 0 0
658.366 421.307 105.031 0 0 1.57 0 0 0
657.77 421.129 104.917 0 0 1.57 0 0 0
656.948 420.883 104.762 0 0 1.57 0 0 0
656.702 420.81 104.716 0 0 1.57 0 0 0
655.531 420.458 104.513 0 0 1.57 0 0 0
654.907 420.271 104.402 0 0 1.57 0 0 0
654.253 420.074 104.294 0 0 1.57 0 0 0
653.939 419.98 104.235 0 0 1.57 0 0 0
653.594 419.876 104.177 0 0 1.57 0 0 0
653.111 419.731 104.1 0 0 1.57 0 0 0
652.975 419.69 104.077 0 0 1.57 0 0 0
652.838 419.649 104.056 0 0 1.57 0 0 0
651.739 419.317 103.886 0 0 1.57 0 0 0
651.286 419.18 103.817 0 0 1.57 0 0 0
651.178 419.147 103.801 0 0 1.57 0 0 0
649.872 418.752 103.612 0 0 1.57 0 0 0
649.336 418.59 103.535 0 0 1.57 0 0 0
648.459 418.323 103.417 0 0 1.57 0 0 0
647.495 418.03 103.289 0 0 1.57 0 0 0
647.047 417.894 103.235 0 0 1.57 0 0 0
645.654 417.469 103.065 0 0 1.57 0 0 0
645.636 417.464 103.063 0 0 1.57 0 0 0
645.579 417.446 103.056 0 0 1.57 0 0 0
644.226 417.032 102.905 0 0 1.57 0 0 0
643.812 416.905 102.861 0 0 1.57 0 0 0
642.817 416.6 102.762 0 0 1.57 0 0 0
641.971 416.34 102.678 0 0 1.57 0 0 0
641.409 416.167 102.629 0 0 1.57 0 0 0
640.035 415.744 102.504 0 0 1.57 0 0 0
639.827 415.68 102.487 0 0 1.57 0 0 0
639.491 415.576 102.461 0 0 1.57 0 0 0
638.288 415.204 102.371 0 0 1.57 0 0 0
637.681 415.015 102.33 0 0 1.57 0 0 0
636.969 414.794 102.285 0 0 1.57 0 0 0
636.446 414.632 102.251 0 0 1.57 0 0 0
635.731 414.41 102.21 0 0 1.57 0 0 0
634.605 414.059 102.151 0 0 1.57 0 0 0
634.372 413.986 102.141 0 0 1.57 0 0 0
633.658 413.763 102.109 0 0 1.57 0 0 0
632.977 413.55 102.08 0 0 1.57 0 0 0
632.764 413.484 102.071 0 0 1.57 0 0 0
631.574 413.111 102.033 0 0 1.57 0 0 0
630.922 412.907 102.013 0 0 1.57 0 0 0
630.173 412.671 101.998 0 0 1.57 0 0 0
629.081 412.327 101.976 0 0 1.57 0 0 0
628.772 412.23 101.973 0 0 1.57 0 0 0
627.795 411.922 101.962 0 0 1.57 0 0 0
627.373 411.789 101.958 0 0 1.57 0 0 0
627.239 411.747 101.957 0 0 1.57 0 0 0
625.974 411.346 101.961 0 0 1.57 0 0 0
625.398 411.163 101.964 0 0 1.57 0 0 0
624.576 410.902 101.976 0 0 1.57 0 0 0
623.557 410.579 101.987 0 0 1.57 0 0 0
623.179 410.458 101.995 0 0 1.57 0 0 0
621.993 410.08 102.025 0 0 1.57 0 0 0
621.782 410.013 102.031 0 0 1.57 0 0 0
621.715 409.992 102.033 0 0 1.57 0 0 0
620.387 409.567 102.083 0 0 1.57 0 0 0
619.874 409.403 102.102 0 0 1.57 0 0 0
618.997 409.122 102.14 0 0 1.57 0 0 0
618.016 408.807 102.189 0 0 1.57 0 0 0
617.616 408.678 102.209 0 0 1.57 0 0 0
616.238 408.235 102.289 0 0 1.57 0 0 0
616.182 408.217 102.292 0 0 1.57 0 0 0
616.165 408.211 102.293 0 0 1.57 0 0 0
616.06 408.178 102.299 0 0 1.57 0 0 0
615.142 407.882 102.355 0 0 1.57 0 0 0
614.856 407.79 102.376 0 0 1.57 0 0 0
614.161 407.564 102.435 0 0 1.57 0 0 0
613.182 407.246 102.516 0 0 1.57 0 0 0
612.508 407.028 102.574 0 0 1.57 0 0 0
612.033 406.873 102.617 0 0 1.57 0 0 0
610.667 406.429 102.74 0 0 1.57 0 0 0
610.643 406.421 102.743 0 0 1.57 0 0 0
610.57 406.398 102.75 0 0 1.57 0 0 0
609.255 405.968 102.886 0 0 1.57 0 0 0
608.825 405.828 102.932 0 0 1.57 0 0 0
607.867 405.514 103.042 0 0 1.57 0 0 0
606.984 405.225 103.14 0 0 1.57 0 0 0
606.48 405.06 103.202 0 0 1.57 0 0 0
605.142 404.621 103.368 0 0 1.57 0 0 0
605.094 404.605 103.375 0 0 1.57 0 0 0
604.946 404.556 103.395 0 0 1.57 0 0 0
603.709 404.148 103.565 0 0 1.57 0 0 0
603.301 404.014 103.62 0 0 1.57 0 0 0
602.324 403.691 103.761 0 0 1.57 0 0 0
601.459 403.405 103.889 0 0 1.57 0 0 0
601.071 403.277 103.948 0 0 1.57 0 0 0
599.994 402.92 104.115 0 0 1.57 0 0 0
599.375 402.715 104.214 0 0 1.57 0 0 0
599.04 402.604 104.268 0 0 1.57 0 0 0
598.044 402.272 104.44 0 0 1.57 0 0 0
597.777 402.183 104.486 0 0 1.57 0 0 0
596.794 401.856 104.662 0 0 1.57 0 0 0
595.935 401.569 104.816 0 0 1.57 0 0 0
595.414 401.395 104.915 0 0 1.57 0 0 0
594.094 400.954 105.162 0 0 1.57 0 0 0
594.034 400.933 105.174 0 0 1.57 0 0 0
593.854 400.873 105.209 0 0 1.57 0 0 0
592.655 400.471 105.45 0 0 1.57 0 0 0
592.252 400.336 105.532 0 0 1.57 0 0 0
591.372 400.04 105.718 0 0 1.57 0 0 0
590.581 399.774 105.882 0 0 1.57 0 0 0
589.905 399.546 106.027 0 0 1.57 0 0 0
589.643 399.458 106.083 0 0 1.57 0 0 0
589.419 399.382 106.133 0 0 1.57 0 0 0
588.569 399.095 106.326 0 0 1.57 0 0 0
588.522 399.079 106.337 0 0 1.57 0 0 0
588.382 399.032 106.37 0 0 1.57 0 0 0
587.147 398.613 106.66 0 0 1.57 0 0 0
586.728 398.472 106.758 0 0 1.57 0 0 0
585.771 398.147 106.988 0 0 1.57 0 0 0
584.887 397.846 107.207 0 0 1.57 0 0 0
584.41 397.684 107.327 0 0 1.57 0 0 0
583.091 397.235 107.664 0 0 1.57 0 0 0
582.96 397.19 107.698 0 0 1.57 0 0 0
582.17 396.921 107.902 0 0 1.57 0 0 0
581.88 396.822 107.978 0 0 1.57 0 0 0
